1 0 51 1 1 QLM
1 0 486 2 1 QLM
1 0 878 3 1 QLM
1 0 573 4 1 QLM
1 0 12 5 1 QLM
1 0 329 6 1 QLM
1 0 471 7 1 QLM
1 0 995 8 1 QLM
1 0 141 9 1 QLM
1 0 879 10 1 QLM
2 0 12 1 1 QLM
2 0 172 2 1 QLM
2 0 746 3 1 QLM
2 0 1380 4 1 QLM
2 0 1089 5 1 QLM
2 0 51 6 1 QLM
2 0 700 7 1 QLM
2 0 14 8 1 QLM
2 0 792 9 1 QLM
2 0 810 10 1 QLM
4 0 485 1 1 QLM
4 0 399 2 1 QLM
4 0 5 3 1 QLM
4 0 181 4 1 QLM
4 0 144 5 1 QLM
4 0 1072 6 1 QLM
4 0 579 7 1 QLM
4 0 542 8 1 QLM
4 0 584 9 1 QLM
4 0 349 10 1 QLM
8 0 1061 1 1 QLM
8 0 1315 2 1 QLM
8 0 166 3 1 QLM
8 0 1189 4 1 QLM
8 0 167 5 1 QLM
8 0 1255 6 1 QLM
8 0 471 7 1 QLM
8 0 995 8 1 QLM
8 0 575 9 1 QLM
8 0 435 10 1 QLM
9 0 401 1 1 QLM
9 0 625 2 1 QLM
9 0 1032 3 1 QLM
9 0 163 4 1 QLM
9 0 552 5 1 QLM
9 0 981 6 1 QLM
9 0 103 7 1 QLM
9 0 650 8 1 QLM
9 0 342 9 1 QLM
9 0 451 10 1 QLM
10 0 491 1 1 QLM
10 0 257 2 1 QLM
10 0 1374 3 1 QLM
10 0 610 4 1 QLM
10 0 121 5 1 QLM
10 0 767 6 1 QLM
10 0 959 7 1 QLM
10 0 294 8 1 QLM
10 0 798 9 1 QLM
10 0 418 10 1 QLM
12 0 492 1 1 QLM
12 0 57 2 1 QLM
12 0 124 3 1 QLM
12 0 232 4 1 QLM
12 0 56 5 1 QLM
12 0 373 6 1 QLM
12 0 122 7 1 QLM
12 0 234 8 1 QLM
12 0 248 9 1 QLM
12 0 1231 10 1 QLM
13 0 122 1 1 QLM
13 0 492 2 1 QLM
13 0 124 3 1 QLM
13 0 292 4 1 QLM
13 0 433 5 1 QLM
13 0 248 6 1 QLM
13 0 1231 7 1 QLM
13 0 232 8 1 QLM
13 0 234 9 1 QLM
13 0 924 10 1 QLM
15 0 45 1 1 QLM
15 0 549 2 1 QLM
15 0 270 3 1 QLM
15 0 489 4 1 QLM
15 0 101 5 1 QLM
15 0 398 6 1 QLM
15 0 102 7 1 QLM
15 0 1268 8 1 QLM
15 0 983 9 1 QLM
15 0 89 10 1 QLM
18 0 302 1 1 QLM
18 0 1010 2 1 QLM
18 0 524 3 1 QLM
18 0 949 4 1 QLM
18 0 405 5 1 QLM
18 0 616 6 1 QLM
18 0 421 7 1 QLM
18 0 691 8 1 QLM
18 0 110 9 1 QLM
18 0 1150 10 1 QLM
22 0 495 1 1 QLM
22 0 72 2 1 QLM
22 0 472 3 1 QLM
22 0 1280 4 1 QLM
22 0 1375 5 1 QLM
22 0 107 6 1 QLM
22 0 93 7 1 QLM
22 0 28 8 1 QLM
22 0 1186 9 1 QLM
22 0 305 10 1 QLM
23 0 624 1 1 QLM
23 0 966 2 1 QLM
23 0 650 3 1 QLM
23 0 1289 4 1 QLM
23 0 1232 5 1 QLM
23 0 939 6 1 QLM
23 0 917 7 1 QLM
23 0 1221 8 1 QLM
23 0 792 9 1 QLM
23 0 749 10 1 QLM
26 0 496 1 1 QLM
26 0 903 2 1 QLM
26 0 520 3 1 QLM
26 0 313 4 1 QLM
26 0 880 5 1 QLM
26 0 38 6 1 QLM
26 0 440 7 1 QLM
26 0 415 8 1 QLM
26 0 471 9 1 QLM
26 0 995 10 1 QLM
27 0 170 1 1 QLM
27 0 798 2 1 QLM
27 0 439 3 1 QLM
27 0 1313 4 1 QLM
27 0 329 5 1 QLM
27 0 291 6 1 QLM
27 0 335 7 1 QLM
27 0 256 8 1 QLM
27 0 265 9 1 QLM
27 0 64 10 1 QLM
29 0 462 1 1 QLM
29 0 463 2 1 QLM
29 0 1099 3 1 QLM
29 0 1340 4 1 QLM
29 0 1025 5 1 QLM
29 0 817 6 1 QLM
29 0 1065 7 1 QLM
29 0 1027 8 1 QLM
29 0 1043 9 1 QLM
29 0 542 10 1 QLM
31 0 498 1 1 QLM
31 0 106 2 1 QLM
31 0 231 3 1 QLM
31 0 927 4 1 QLM
31 0 1255 5 1 QLM
31 0 1112 6 1 QLM
31 0 248 7 1 QLM
31 0 494 8 1 QLM
31 0 259 9 1 QLM
31 0 326 10 1 QLM
32 0 1108 1 1 QLM
32 0 106 2 1 QLM
32 0 336 3 1 QLM
32 0 44 4 1 QLM
32 0 927 5 1 QLM
32 0 410 6 1 QLM
32 0 1197 7 1 QLM
32 0 87 8 1 QLM
32 0 1301 9 1 QLM
32 0 607 10 1 QLM
33 0 197 1 1 QLM
33 0 498 2 1 QLM
33 0 234 3 1 QLM
33 0 1352 4 1 QLM
33 0 927 5 1 QLM
33 0 248 6 1 QLM
33 0 225 7 1 QLM
33 0 56 8 1 QLM
33 0 57 9 1 QLM
33 0 1231 10 1 QLM
34 0 471 1 1 QLM
34 0 995 2 1 QLM
34 0 140 3 1 QLM
34 0 706 4 1 QLM
34 0 1052 5 1 QLM
34 0 714 6 1 QLM
34 0 927 7 1 QLM
34 0 44 8 1 QLM
34 0 628 9 1 QLM
34 0 286 10 1 QLM
35 0 500 1 1 QLM
35 0 268 2 1 QLM
35 0 471 3 1 QLM
35 0 995 4 1 QLM
35 0 270 5 1 QLM
35 0 625 6 1 QLM
35 0 87 7 1 QLM
35 0 584 8 1 QLM
35 0 88 9 1 QLM
35 0 22 10 1 QLM
39 0 502 1 1 QLM
39 0 686 2 1 QLM
39 0 68 3 1 QLM
39 0 343 4 1 QLM
39 0 767 5 1 QLM
39 0 1237 6 1 QLM
39 0 302 7 1 QLM
39 0 663 8 1 QLM
39 0 421 9 1 QLM
39 0 1007 10 1 QLM
40 0 125 1 1 QLM
40 0 560 2 1 QLM
40 0 307 3 1 QLM
40 0 413 4 1 QLM
40 0 16 5 1 QLM
40 0 348 6 1 QLM
40 0 254 7 1 QLM
40 0 406 8 1 QLM
40 0 471 9 1 QLM
40 0 995 10 1 QLM
41 0 892 1 1 QLM
41 0 14 2 1 QLM
41 0 899 3 1 QLM
41 0 902 4 1 QLM
41 0 1259 5 1 QLM
41 0 1092 6 1 QLM
41 0 237 7 1 QLM
41 0 753 8 1 QLM
41 0 185 9 1 QLM
41 0 1064 10 1 QLM
49 0 756 1 1 QLM
49 0 46 2 1 QLM
49 0 833 3 1 QLM
49 0 650 4 1 QLM
49 0 883 5 1 QLM
49 0 12 6 1 QLM
49 0 471 7 1 QLM
49 0 995 8 1 QLM
49 0 374 9 1 QLM
49 0 47 10 1 QLM
50 0 121 1 1 QLM
50 0 213 2 1 QLM
50 0 212 3 1 QLM
50 0 277 4 1 QLM
50 0 215 5 1 QLM
50 0 216 6 1 QLM
50 0 455 7 1 QLM
50 0 97 8 1 QLM
50 0 471 9 1 QLM
50 0 995 10 1 QLM
51 0 307 1 1 QLM
51 0 305 2 1 QLM
51 0 611 3 1 QLM
51 0 145 4 1 QLM
51 0 382 5 1 QLM
51 0 4 6 1 QLM
51 0 96 7 1 QLM
51 0 346 8 1 QLM
51 0 629 9 1 QLM
51 0 306 10 1 QLM
52 0 680 1 1 QLM
52 0 512 2 1 QLM
52 0 1031 3 1 QLM
52 0 224 4 1 QLM
52 0 1176 5 1 QLM
52 0 752 6 1 QLM
52 0 1035 7 1 QLM
52 0 1293 8 1 QLM
52 0 1266 9 1 QLM
52 0 1320 10 1 QLM
53 0 367 1 1 QLM
53 0 674 2 1 QLM
53 0 680 3 1 QLM
53 0 921 4 1 QLM
53 0 1012 5 1 QLM
53 0 227 6 1 QLM
53 0 1131 7 1 QLM
53 0 246 8 1 QLM
53 0 698 9 1 QLM
53 0 503 10 1 QLM
54 0 465 1 1 QLM
54 0 513 2 1 QLM
54 0 601 3 1 QLM
54 0 612 4 1 QLM
54 0 147 5 1 QLM
54 0 420 6 1 QLM
54 0 900 7 1 QLM
54 0 464 8 1 QLM
54 0 683 9 1 QLM
54 0 514 10 1 QLM
55 0 902 1 1 QLM
55 0 683 2 1 QLM
55 0 601 3 1 QLM
55 0 191 4 1 QLM
55 0 633 5 1 QLM
55 0 577 6 1 QLM
55 0 513 7 1 QLM
55 0 792 8 1 QLM
55 0 45 9 1 QLM
55 0 222 10 1 QLM
56 0 751 1 1 QLM
56 0 1209 2 1 QLM
56 0 471 3 1 QLM
56 0 995 4 1 QLM
56 0 1153 5 1 QLM
56 0 1245 6 1 QLM
56 0 918 7 1 QLM
56 0 895 8 1 QLM
56 0 920 9 1 QLM
56 0 283 10 1 QLM
57 0 752 1 1 QLM
57 0 1259 2 1 QLM
57 0 802 3 1 QLM
57 0 1186 4 1 QLM
57 0 556 5 1 QLM
57 0 1112 6 1 QLM
57 0 1394 7 1 QLM
57 0 259 8 1 QLM
57 0 922 9 1 QLM
57 0 134 10 1 QLM
58 0 516 1 1 QLM
58 0 808 2 1 QLM
58 0 1336 3 1 QLM
58 0 904 4 1 QLM
58 0 598 5 1 QLM
58 0 546 6 1 QLM
58 0 9 7 1 QLM
58 0 1066 8 1 QLM
58 0 141 9 1 QLM
58 0 1162 10 1 QLM
59 0 1153 1 1 QLM
59 0 1243 2 1 QLM
59 0 1341 3 1 QLM
59 0 1350 4 1 QLM
59 0 188 5 1 QLM
59 0 179 6 1 QLM
59 0 516 7 1 QLM
59 0 1092 8 1 QLM
59 0 431 9 1 QLM
59 0 280 10 1 QLM
61 0 1314 1 1 QLM
61 0 1327 2 1 QLM
61 0 296 3 1 QLM
61 0 875 4 1 QLM
61 0 207 5 1 QLM
61 0 471 6 1 QLM
61 0 995 7 1 QLM
61 0 1276 8 1 QLM
61 0 1084 9 1 QLM
61 0 925 10 1 QLM
62 0 623 1 1 QLM
62 0 74 2 1 QLM
62 0 123 3 1 QLM
62 0 168 4 1 QLM
62 0 959 5 1 QLM
62 0 1222 6 1 QLM
62 0 1395 7 1 QLM
62 0 102 8 1 QLM
62 0 550 9 1 QLM
62 0 565 10 1 QLM
66 0 186 1 1 QLM
66 0 1352 2 1 QLM
66 0 283 3 1 QLM
66 0 522 4 1 QLM
66 0 294 5 1 QLM
66 0 1311 6 1 QLM
66 0 126 7 1 QLM
66 0 234 8 1 QLM
66 0 311 9 1 QLM
66 0 952 10 1 QLM
67 0 536 1 1 QLM
67 0 1391 2 1 QLM
67 0 294 3 1 QLM
67 0 25 4 1 QLM
67 0 24 5 1 QLM
67 0 295 6 1 QLM
67 0 1211 7 1 QLM
67 0 1201 8 1 QLM
67 0 1279 9 1 QLM
67 0 981 10 1 QLM
68 0 1205 1 1 QLM
68 0 346 2 1 QLM
68 0 1257 3 1 QLM
68 0 43 4 1 QLM
68 0 9 5 1 QLM
68 0 272 6 1 QLM
68 0 1278 7 1 QLM
68 0 1220 8 1 QLM
68 0 1199 9 1 QLM
68 0 261 10 1 QLM
69 0 536 1 1 QLM
69 0 1205 2 1 QLM
69 0 186 3 1 QLM
69 0 272 4 1 QLM
69 0 9 5 1 QLM
69 0 976 6 1 QLM
69 0 1391 7 1 QLM
69 0 85 8 1 QLM
69 0 1158 9 1 QLM
69 0 25 10 1 QLM
71 0 289 1 1 QLM
71 0 433 2 1 QLM
71 0 520 3 1 QLM
71 0 225 4 1 QLM
71 0 229 5 1 QLM
71 0 927 6 1 QLM
71 0 1277 7 1 QLM
71 0 126 8 1 QLM
71 0 1152 9 1 QLM
71 0 799 10 1 QLM
72 0 521 1 1 QLM
72 0 440 2 1 QLM
72 0 526 3 1 QLM
72 0 496 4 1 QLM
72 0 468 5 1 QLM
72 0 503 6 1 QLM
72 0 469 7 1 QLM
72 0 121 8 1 QLM
72 0 439 9 1 QLM
72 0 467 10 1 QLM
74 0 467 1 1 QLM
74 0 469 2 1 QLM
74 0 496 3 1 QLM
74 0 404 4 1 QLM
74 0 903 5 1 QLM
74 0 471 6 1 QLM
74 0 995 7 1 QLM
74 0 468 8 1 QLM
74 0 122 9 1 QLM
74 0 503 10 1 QLM
79 0 103 1 1 QLM
79 0 108 2 1 QLM
79 0 1199 3 1 QLM
79 0 357 4 1 QLM
79 0 541 5 1 QLM
79 0 1226 6 1 QLM
79 0 1031 7 1 QLM
79 0 1269 8 1 QLM
79 0 367 9 1 QLM
79 0 849 10 1 QLM
80 0 540 1 1 QLM
80 0 305 2 1 QLM
80 0 625 3 1 QLM
80 0 525 4 1 QLM
80 0 553 5 1 QLM
80 0 37 6 1 QLM
80 0 655 7 1 QLM
80 0 1159 8 1 QLM
80 0 1200 9 1 QLM
80 0 353 10 1 QLM
81 0 481 1 1 QLM
81 0 305 2 1 QLM
81 0 353 3 1 QLM
81 0 655 4 1 QLM
81 0 1159 5 1 QLM
81 0 983 6 1 QLM
81 0 84 7 1 QLM
81 0 123 8 1 QLM
81 0 576 9 1 QLM
81 0 540 10 1 QLM
82 0 1200 1 1 QLM
82 0 304 2 1 QLM
82 0 570 3 1 QLM
82 0 327 4 1 QLM
82 0 305 5 1 QLM
82 0 310 6 1 QLM
82 0 309 7 1 QLM
82 0 525 8 1 QLM
82 0 568 9 1 QLM
82 0 25 10 1 QLM
83 0 526 1 1 QLM
83 0 440 2 1 QLM
83 0 876 3 1 QLM
83 0 638 4 1 QLM
83 0 797 5 1 QLM
83 0 315 6 1 QLM
83 0 879 7 1 QLM
83 0 798 8 1 QLM
83 0 795 9 1 QLM
83 0 708 10 1 QLM
84 0 349 1 1 QLM
84 0 1370 2 1 QLM
84 0 321 3 1 QLM
84 0 527 4 1 QLM
84 0 322 5 1 QLM
84 0 585 6 1 QLM
84 0 150 7 1 QLM
84 0 1235 8 1 QLM
84 0 320 9 1 QLM
84 0 1055 10 1 QLM
85 0 326 1 1 QLM
85 0 329 2 1 QLM
85 0 192 3 1 QLM
85 0 435 4 1 QLM
85 0 528 5 1 QLM
85 0 1259 6 1 QLM
85 0 353 7 1 QLM
85 0 576 8 1 QLM
85 0 337 9 1 QLM
85 0 541 10 1 QLM
86 0 326 1 1 QLM
86 0 528 2 1 QLM
86 0 494 3 1 QLM
86 0 261 4 1 QLM
86 0 1281 5 1 QLM
86 0 23 6 1 QLM
86 0 329 7 1 QLM
86 0 1310 8 1 QLM
86 0 105 9 1 QLM
86 0 142 10 1 QLM
87 0 326 1 1 QLM
87 0 21 2 1 QLM
87 0 96 3 1 QLM
87 0 629 4 1 QLM
87 0 306 5 1 QLM
87 0 528 6 1 QLM
87 0 798 7 1 QLM
87 0 265 8 1 QLM
87 0 291 9 1 QLM
87 0 254 10 1 QLM
93 0 208 1 1 QLM
93 0 1221 2 1 QLM
93 0 1253 3 1 QLM
93 0 437 4 1 QLM
93 0 407 5 1 QLM
93 0 1236 6 1 QLM
93 0 967 7 1 QLM
93 0 531 8 1 QLM
93 0 298 9 1 QLM
93 0 370 10 1 QLM
94 0 123 1 1 QLM
94 0 84 2 1 QLM
94 0 553 3 1 QLM
94 0 44 4 1 QLM
94 0 1307 5 1 QLM
94 0 666 6 1 QLM
94 0 1213 7 1 QLM
94 0 274 8 1 QLM
94 0 366 9 1 QLM
94 0 979 10 1 QLM
95 0 798 1 1 QLM
95 0 1301 2 1 QLM
95 0 17 3 1 QLM
95 0 376 4 1 QLM
95 0 1185 5 1 QLM
95 0 460 6 1 QLM
95 0 375 7 1 QLM
95 0 73 8 1 QLM
95 0 241 9 1 QLM
95 0 1241 10 1 QLM
97 0 753 1 1 QLM
97 0 14 2 1 QLM
97 0 441 3 1 QLM
97 0 1336 4 1 QLM
97 0 1209 5 1 QLM
97 0 634 6 1 QLM
97 0 798 7 1 QLM
97 0 899 8 1 QLM
97 0 1339 9 1 QLM
97 0 567 10 1 QLM
98 0 856 1 1 QLM
98 0 38 2 1 QLM
98 0 444 3 1 QLM
98 0 810 4 1 QLM
98 0 1338 5 1 QLM
98 0 23 6 1 QLM
98 0 1181 7 1 QLM
98 0 1272 8 1 QLM
98 0 753 9 1 QLM
98 0 507 10 1 QLM
99 0 873 1 1 QLM
99 0 974 2 1 QLM
99 0 963 3 1 QLM
99 0 1159 4 1 QLM
99 0 270 5 1 QLM
99 0 754 6 1 QLM
99 0 88 7 1 QLM
99 0 387 8 1 QLM
99 0 661 9 1 QLM
99 0 268 10 1 QLM
100 0 292 1 1 QLM
100 0 381 2 1 QLM
100 0 23 3 1 QLM
100 0 661 4 1 QLM
100 0 261 5 1 QLM
100 0 785 6 1 QLM
100 0 458 7 1 QLM
100 0 1385 8 1 QLM
100 0 375 9 1 QLM
100 0 382 10 1 QLM
101 0 322 1 1 QLM
101 0 321 2 1 QLM
101 0 527 3 1 QLM
101 0 585 4 1 QLM
101 0 320 5 1 QLM
101 0 365 6 1 QLM
101 0 1235 7 1 QLM
101 0 364 8 1 QLM
101 0 730 9 1 QLM
101 0 1240 10 1 QLM
102 0 564 1 1 QLM
102 0 539 2 1 QLM
102 0 566 3 1 QLM
102 0 1258 4 1 QLM
102 0 435 5 1 QLM
102 0 333 6 1 QLM
102 0 1104 7 1 QLM
102 0 1307 8 1 QLM
102 0 789 9 1 QLM
102 0 1159 10 1 QLM
103 0 452 1 1 QLM
103 0 1268 2 1 QLM
103 0 459 3 1 QLM
103 0 381 4 1 QLM
103 0 105 5 1 QLM
103 0 533 6 1 QLM
103 0 785 7 1 QLM
103 0 788 8 1 QLM
103 0 483 9 1 QLM
103 0 1383 10 1 QLM
104 0 1135 1 1 QLM
104 0 1045 2 1 QLM
104 0 891 3 1 QLM
104 0 1182 4 1 QLM
104 0 287 5 1 QLM
104 0 1171 6 1 QLM
104 0 629 7 1 QLM
104 0 954 8 1 QLM
104 0 1118 9 1 QLM
104 0 839 10 1 QLM
105 0 390 1 1 QLM
105 0 52 2 1 QLM
105 0 471 3 1 QLM
105 0 995 4 1 QLM
105 0 441 5 1 QLM
105 0 70 6 1 QLM
105 0 482 7 1 QLM
105 0 627 8 1 QLM
105 0 719 9 1 QLM
105 0 213 10 1 QLM
106 0 388 1 1 QLM
106 0 3 2 1 QLM
106 0 569 3 1 QLM
106 0 1237 4 1 QLM
106 0 1106 5 1 QLM
106 0 525 6 1 QLM
106 0 1355 7 1 QLM
106 0 310 8 1 QLM
106 0 1200 9 1 QLM
106 0 393 10 1 QLM
107 0 128 1 1 QLM
107 0 329 2 1 QLM
107 0 629 3 1 QLM
107 0 1370 4 1 QLM
107 0 305 5 1 QLM
107 0 191 6 1 QLM
107 0 1251 7 1 QLM
107 0 375 8 1 QLM
107 0 366 9 1 QLM
107 0 306 10 1 QLM
108 0 3 1 1 QLM
108 0 306 2 1 QLM
108 0 393 3 1 QLM
108 0 180 4 1 QLM
108 0 4 5 1 QLM
108 0 1106 6 1 QLM
108 0 1107 7 1 QLM
108 0 155 8 1 QLM
108 0 977 9 1 QLM
108 0 9 10 1 QLM
109 0 628 1 1 QLM
109 0 471 2 1 QLM
109 0 995 3 1 QLM
109 0 773 4 1 QLM
109 0 344 5 1 QLM
109 0 338 6 1 QLM
109 0 433 7 1 QLM
109 0 1205 8 1 QLM
109 0 1266 9 1 QLM
109 0 707 10 1 QLM
110 0 128 1 1 QLM
110 0 540 2 1 QLM
110 0 292 3 1 QLM
110 0 1375 4 1 QLM
110 0 111 5 1 QLM
110 0 131 6 1 QLM
110 0 393 7 1 QLM
110 0 306 8 1 QLM
110 0 460 9 1 QLM
110 0 104 10 1 QLM
111 0 540 1 1 QLM
111 0 180 2 1 QLM
111 0 104 3 1 QLM
111 0 349 4 1 QLM
111 0 1236 5 1 QLM
111 0 365 6 1 QLM
111 0 62 7 1 QLM
111 0 300 8 1 QLM
111 0 565 9 1 QLM
111 0 292 10 1 QLM
112 0 540 1 1 QLM
112 0 304 2 1 QLM
112 0 329 3 1 QLM
112 0 25 4 1 QLM
112 0 572 5 1 QLM
112 0 1299 6 1 QLM
112 0 305 7 1 QLM
112 0 573 8 1 QLM
112 0 63 9 1 QLM
112 0 1076 10 1 QLM
113 0 1313 1 1 QLM
113 0 630 2 1 QLM
113 0 63 3 1 QLM
113 0 663 4 1 QLM
113 0 1239 5 1 QLM
113 0 25 6 1 QLM
113 0 511 7 1 QLM
113 0 309 8 1 QLM
113 0 537 9 1 QLM
113 0 570 10 1 QLM
114 0 625 1 1 QLM
114 0 332 2 1 QLM
114 0 541 3 1 QLM
114 0 401 4 1 QLM
114 0 574 5 1 QLM
114 0 1296 6 1 QLM
114 0 573 7 1 QLM
114 0 471 8 1 QLM
114 0 995 9 1 QLM
114 0 577 10 1 QLM
116 0 625 1 1 QLM
116 0 576 2 1 QLM
116 0 471 3 1 QLM
116 0 995 4 1 QLM
116 0 68 5 1 QLM
116 0 1303 6 1 QLM
116 0 1153 7 1 QLM
116 0 364 8 1 QLM
116 0 603 9 1 QLM
116 0 185 10 1 QLM
118 0 471 1 1 QLM
118 0 995 2 1 QLM
118 0 396 3 1 QLM
118 0 303 4 1 QLM
118 0 670 5 1 QLM
118 0 95 6 1 QLM
118 0 387 7 1 QLM
118 0 645 8 1 QLM
118 0 1146 9 1 QLM
118 0 959 10 1 QLM
119 0 667 1 1 QLM
119 0 666 2 1 QLM
119 0 328 3 1 QLM
119 0 630 4 1 QLM
119 0 537 5 1 QLM
119 0 1076 6 1 QLM
119 0 1198 7 1 QLM
119 0 1394 8 1 QLM
119 0 318 9 1 QLM
119 0 572 10 1 QLM
120 0 1264 1 1 QLM
120 0 667 2 1 QLM
120 0 572 3 1 QLM
120 0 347 4 1 QLM
120 0 630 5 1 QLM
120 0 170 6 1 QLM
120 0 1395 7 1 QLM
120 0 25 8 1 QLM
120 0 1313 9 1 QLM
120 0 668 10 1 QLM
121 0 589 1 1 QLM
121 0 764 2 1 QLM
121 0 822 3 1 QLM
121 0 578 4 1 QLM
121 0 592 5 1 QLM
121 0 590 6 1 QLM
121 0 543 7 1 QLM
121 0 471 8 1 QLM
121 0 995 9 1 QLM
121 0 1368 10 1 QLM
122 0 1066 1 1 QLM
122 0 781 2 1 QLM
122 0 755 3 1 QLM
122 0 347 4 1 QLM
122 0 516 5 1 QLM
122 0 567 6 1 QLM
122 0 413 7 1 QLM
122 0 546 8 1 QLM
122 0 199 9 1 QLM
122 0 307 10 1 QLM
123 0 544 1 1 QLM
123 0 546 2 1 QLM
123 0 441 3 1 QLM
123 0 813 4 1 QLM
123 0 1336 5 1 QLM
123 0 1019 6 1 QLM
123 0 244 7 1 QLM
123 0 301 8 1 QLM
123 0 1335 9 1 QLM
123 0 602 10 1 QLM
126 0 672 1 1 QLM
126 0 799 2 1 QLM
126 0 714 3 1 QLM
126 0 631 4 1 QLM
126 0 468 5 1 QLM
126 0 470 6 1 QLM
126 0 544 7 1 QLM
126 0 256 8 1 QLM
126 0 1287 9 1 QLM
126 0 904 10 1 QLM
128 0 1334 1 1 QLM
128 0 465 2 1 QLM
128 0 1339 3 1 QLM
128 0 704 4 1 QLM
128 0 247 5 1 QLM
128 0 678 6 1 QLM
128 0 1289 7 1 QLM
128 0 1246 8 1 QLM
128 0 1332 9 1 QLM
128 0 676 10 1 QLM
130 0 24 1 1 QLM
130 0 933 2 1 QLM
130 0 1060 3 1 QLM
130 0 798 4 1 QLM
130 0 18 5 1 QLM
130 0 1196 6 1 QLM
130 0 242 7 1 QLM
130 0 1190 8 1 QLM
130 0 700 9 1 QLM
130 0 1295 10 1 QLM
131 0 294 1 1 QLM
131 0 522 2 1 QLM
131 0 873 3 1 QLM
131 0 1281 4 1 QLM
131 0 1104 5 1 QLM
131 0 36 6 1 QLM
131 0 546 7 1 QLM
131 0 378 8 1 QLM
131 0 21 9 1 QLM
131 0 17 10 1 QLM
132 0 710 1 1 QLM
132 0 184 2 1 QLM
132 0 84 3 1 QLM
132 0 80 4 1 QLM
132 0 1287 5 1 QLM
132 0 244 6 1 QLM
132 0 798 7 1 QLM
132 0 89 8 1 QLM
132 0 7 9 1 QLM
132 0 314 10 1 QLM
133 0 790 1 1 QLM
133 0 755 2 1 QLM
133 0 594 3 1 QLM
133 0 141 4 1 QLM
133 0 188 5 1 QLM
133 0 1155 6 1 QLM
133 0 544 7 1 QLM
133 0 179 8 1 QLM
133 0 280 9 1 QLM
133 0 719 10 1 QLM
135 0 547 1 1 QLM
135 0 572 2 1 QLM
135 0 1309 3 1 QLM
135 0 2 4 1 QLM
135 0 1157 5 1 QLM
135 0 26 6 1 QLM
135 0 318 7 1 QLM
135 0 667 8 1 QLM
135 0 308 9 1 QLM
135 0 334 10 1 QLM
136 0 548 1 1 QLM
136 0 613 2 1 QLM
136 0 617 3 1 QLM
136 0 616 4 1 QLM
136 0 614 5 1 QLM
136 0 622 6 1 QLM
136 0 615 7 1 QLM
136 0 621 8 1 QLM
136 0 618 9 1 QLM
136 0 1150 10 1 QLM
137 0 1338 1 1 QLM
137 0 757 2 1 QLM
137 0 917 3 1 QLM
137 0 315 4 1 QLM
137 0 916 5 1 QLM
137 0 52 6 1 QLM
137 0 879 7 1 QLM
137 0 699 8 1 QLM
137 0 797 9 1 QLM
137 0 1341 10 1 QLM
138 0 979 1 1 QLM
138 0 293 2 1 QLM
138 0 265 3 1 QLM
138 0 524 4 1 QLM
138 0 892 5 1 QLM
138 0 527 6 1 QLM
138 0 487 7 1 QLM
138 0 1228 8 1 QLM
138 0 1187 9 1 QLM
138 0 839 10 1 QLM
139 0 252 1 1 QLM
139 0 924 2 1 QLM
139 0 799 3 1 QLM
139 0 431 4 1 QLM
139 0 800 5 1 QLM
139 0 315 6 1 QLM
139 0 795 7 1 QLM
139 0 316 8 1 QLM
139 0 925 9 1 QLM
139 0 672 10 1 QLM
140 0 471 1 1 QLM
140 0 995 2 1 QLM
140 0 810 3 1 QLM
140 0 683 4 1 QLM
140 0 945 5 1 QLM
140 0 235 6 1 QLM
140 0 1247 7 1 QLM
140 0 1093 8 1 QLM
140 0 429 9 1 QLM
140 0 1219 10 1 QLM
141 0 635 1 1 QLM
141 0 68 2 1 QLM
141 0 421 3 1 QLM
141 0 1062 4 1 QLM
141 0 1336 5 1 QLM
141 0 628 6 1 QLM
141 0 234 7 1 QLM
141 0 1241 8 1 QLM
141 0 552 9 1 QLM
141 0 1092 10 1 QLM
142 0 283 1 1 QLM
142 0 1104 2 1 QLM
142 0 84 3 1 QLM
142 0 1393 4 1 QLM
142 0 983 5 1 QLM
142 0 1161 6 1 QLM
142 0 1394 7 1 QLM
142 0 142 8 1 QLM
142 0 559 9 1 QLM
142 0 329 10 1 QLM
143 0 553 1 1 QLM
143 0 662 2 1 QLM
143 0 635 3 1 QLM
143 0 1002 4 1 QLM
143 0 283 5 1 QLM
143 0 1104 6 1 QLM
143 0 101 7 1 QLM
143 0 554 8 1 QLM
143 0 690 9 1 QLM
143 0 1258 10 1 QLM
145 0 637 1 1 QLM
145 0 680 2 1 QLM
145 0 705 3 1 QLM
145 0 465 4 1 QLM
145 0 247 5 1 QLM
145 0 699 6 1 QLM
145 0 698 7 1 QLM
145 0 1289 8 1 QLM
145 0 1246 9 1 QLM
145 0 704 10 1 QLM
146 0 1331 1 1 QLM
146 0 1289 2 1 QLM
146 0 471 3 1 QLM
146 0 995 4 1 QLM
146 0 1270 5 1 QLM
146 0 783 6 1 QLM
146 0 882 7 1 QLM
146 0 779 8 1 QLM
146 0 906 9 1 QLM
146 0 790 10 1 QLM
147 0 638 1 1 QLM
147 0 1328 2 1 QLM
147 0 471 3 1 QLM
147 0 995 4 1 QLM
147 0 1356 5 1 QLM
147 0 252 6 1 QLM
147 0 624 7 1 QLM
147 0 747 8 1 QLM
147 0 704 9 1 QLM
147 0 217 10 1 QLM
148 0 639 1 1 QLM
148 0 715 2 1 QLM
148 0 719 3 1 QLM
148 0 717 4 1 QLM
148 0 716 5 1 QLM
148 0 1000 6 1 QLM
148 0 163 7 1 QLM
148 0 67 8 1 QLM
148 0 471 9 1 QLM
148 0 995 10 1 QLM
149 0 760 1 1 QLM
149 0 822 2 1 QLM
149 0 1051 3 1 QLM
149 0 1122 4 1 QLM
149 0 1126 5 1 QLM
149 0 897 6 1 QLM
149 0 928 7 1 QLM
149 0 1172 8 1 QLM
149 0 740 9 1 QLM
149 0 739 10 1 QLM
150 0 819 1 1 QLM
150 0 1119 2 1 QLM
150 0 826 3 1 QLM
150 0 818 4 1 QLM
150 0 760 5 1 QLM
150 0 825 6 1 QLM
150 0 1122 7 1 QLM
150 0 532 8 1 QLM
150 0 823 9 1 QLM
150 0 599 10 1 QLM
152 0 1007 1 1 QLM
152 0 910 2 1 QLM
152 0 729 3 1 QLM
152 0 720 4 1 QLM
152 0 1289 5 1 QLM
152 0 471 6 1 QLM
152 0 995 7 1 QLM
152 0 1024 8 1 QLM
152 0 728 9 1 QLM
152 0 132 10 1 QLM
153 0 761 1 1 QLM
153 0 1214 2 1 QLM
153 0 1048 3 1 QLM
153 0 906 4 1 QLM
153 0 1050 5 1 QLM
153 0 251 6 1 QLM
153 0 265 7 1 QLM
153 0 1174 8 1 QLM
153 0 1126 9 1 QLM
153 0 951 10 1 QLM
154 0 837 1 1 QLM
154 0 762 2 1 QLM
154 0 462 3 1 QLM
154 0 863 4 1 QLM
154 0 644 5 1 QLM
154 0 836 6 1 QLM
154 0 840 7 1 QLM
154 0 957 8 1 QLM
154 0 1034 9 1 QLM
154 0 818 10 1 QLM
155 0 848 1 1 QLM
155 0 764 2 1 QLM
155 0 847 3 1 QLM
155 0 846 4 1 QLM
155 0 953 5 1 QLM
155 0 1126 6 1 QLM
155 0 839 7 1 QLM
155 0 739 8 1 QLM
155 0 1067 9 1 QLM
155 0 1051 10 1 QLM
156 0 1040 1 1 QLM
156 0 847 2 1 QLM
156 0 764 3 1 QLM
156 0 844 4 1 QLM
156 0 846 5 1 QLM
156 0 552 6 1 QLM
156 0 1039 7 1 QLM
156 0 739 8 1 QLM
156 0 953 9 1 QLM
156 0 848 10 1 QLM
157 0 640 1 1 QLM
157 0 725 2 1 QLM
157 0 870 3 1 QLM
157 0 220 4 1 QLM
157 0 883 5 1 QLM
157 0 720 6 1 QLM
157 0 836 7 1 QLM
157 0 471 8 1 QLM
157 0 995 9 1 QLM
157 0 729 10 1 QLM
158 0 75 1 1 QLM
158 0 884 2 1 QLM
158 0 724 3 1 QLM
158 0 883 4 1 QLM
158 0 727 5 1 QLM
158 0 640 6 1 QLM
158 0 721 7 1 QLM
158 0 726 8 1 QLM
158 0 720 9 1 QLM
158 0 951 10 1 QLM
160 0 5 1 1 QLM
160 0 391 2 1 QLM
160 0 51 3 1 QLM
160 0 627 4 1 QLM
160 0 1008 5 1 QLM
160 0 859 6 1 QLM
160 0 886 7 1 QLM
160 0 711 8 1 QLM
160 0 982 9 1 QLM
160 0 66 10 1 QLM
161 0 15 1 1 QLM
161 0 862 2 1 QLM
161 0 1117 3 1 QLM
161 0 1387 4 1 QLM
161 0 1398 5 1 QLM
161 0 856 6 1 QLM
161 0 857 7 1 QLM
161 0 827 8 1 QLM
161 0 957 9 1 QLM
161 0 1396 10 1 QLM
163 0 894 1 1 QLM
163 0 822 2 1 QLM
163 0 874 3 1 QLM
163 0 889 4 1 QLM
163 0 1131 5 1 QLM
163 0 1008 6 1 QLM
163 0 627 7 1 QLM
163 0 1400 8 1 QLM
163 0 390 9 1 QLM
163 0 928 10 1 QLM
164 0 641 1 1 QLM
164 0 734 2 1 QLM
164 0 422 3 1 QLM
164 0 730 4 1 QLM
164 0 736 5 1 QLM
164 0 1235 6 1 QLM
164 0 936 7 1 QLM
164 0 648 8 1 QLM
164 0 831 9 1 QLM
164 0 644 10 1 QLM
165 0 704 1 1 QLM
165 0 856 2 1 QLM
165 0 360 3 1 QLM
165 0 709 4 1 QLM
165 0 708 5 1 QLM
165 0 52 6 1 QLM
165 0 748 7 1 QLM
165 0 794 8 1 QLM
165 0 780 9 1 QLM
165 0 1237 10 1 QLM
167 0 1266 1 1 QLM
167 0 712 2 1 QLM
167 0 471 3 1 QLM
167 0 995 4 1 QLM
167 0 465 5 1 QLM
167 0 704 6 1 QLM
167 0 895 7 1 QLM
167 0 780 8 1 QLM
167 0 917 9 1 QLM
167 0 632 10 1 QLM
168 0 486 1 1 QLM
168 0 102 2 1 QLM
168 0 51 3 1 QLM
168 0 540 4 1 QLM
168 0 549 5 1 QLM
168 0 662 6 1 QLM
168 0 72 7 1 QLM
168 0 875 8 1 QLM
168 0 73 9 1 QLM
168 0 365 10 1 QLM
169 0 1106 1 1 QLM
169 0 522 2 1 QLM
169 0 272 3 1 QLM
169 0 927 4 1 QLM
169 0 234 5 1 QLM
169 0 1038 6 1 QLM
169 0 48 7 1 QLM
169 0 1 8 1 QLM
169 0 279 9 1 QLM
169 0 1064 10 1 QLM
170 0 1304 1 1 QLM
170 0 122 2 1 QLM
170 0 999 3 1 QLM
170 0 688 4 1 QLM
170 0 927 5 1 QLM
170 0 1001 6 1 QLM
170 0 196 7 1 QLM
170 0 925 8 1 QLM
170 0 1350 9 1 QLM
170 0 360 10 1 QLM
171 0 229 1 1 QLM
171 0 923 2 1 QLM
171 0 803 3 1 QLM
171 0 924 4 1 QLM
171 0 1239 5 1 QLM
171 0 230 6 1 QLM
171 0 1243 7 1 QLM
171 0 520 8 1 QLM
171 0 141 9 1 QLM
171 0 811 10 1 QLM
173 0 897 1 1 QLM
173 0 1068 2 1 QLM
173 0 1132 3 1 QLM
173 0 765 4 1 QLM
173 0 1116 5 1 QLM
173 0 846 6 1 QLM
173 0 1051 7 1 QLM
173 0 1033 8 1 QLM
173 0 1145 9 1 QLM
173 0 926 10 1 QLM
175 0 769 1 1 QLM
175 0 887 2 1 QLM
175 0 1145 3 1 QLM
175 0 886 4 1 QLM
175 0 1146 5 1 QLM
175 0 1172 6 1 QLM
175 0 1116 7 1 QLM
175 0 765 8 1 QLM
175 0 1122 9 1 QLM
175 0 891 10 1 QLM
176 0 769 1 1 QLM
176 0 888 2 1 QLM
176 0 1146 3 1 QLM
176 0 887 4 1 QLM
176 0 1017 5 1 QLM
176 0 1117 6 1 QLM
176 0 1127 7 1 QLM
176 0 1016 8 1 QLM
176 0 935 9 1 QLM
176 0 1177 10 1 QLM
177 0 898 1 1 QLM
177 0 78 2 1 QLM
177 0 931 3 1 QLM
177 0 1288 4 1 QLM
177 0 516 5 1 QLM
177 0 1145 6 1 QLM
177 0 1130 7 1 QLM
177 0 935 8 1 QLM
177 0 829 9 1 QLM
177 0 743 10 1 QLM
181 0 941 1 1 QLM
181 0 775 2 1 QLM
181 0 742 3 1 QLM
181 0 387 4 1 QLM
181 0 917 5 1 QLM
181 0 1270 6 1 QLM
181 0 244 7 1 QLM
181 0 351 8 1 QLM
181 0 417 9 1 QLM
181 0 112 10 1 QLM
182 0 941 1 1 QLM
182 0 471 2 1 QLM
182 0 995 3 1 QLM
182 0 1288 4 1 QLM
182 0 516 5 1 QLM
182 0 1274 6 1 QLM
182 0 1319 7 1 QLM
182 0 514 8 1 QLM
182 0 898 9 1 QLM
182 0 1014 10 1 QLM
183 0 176 1 1 QLM
183 0 131 2 1 QLM
183 0 997 3 1 QLM
183 0 1227 4 1 QLM
183 0 1074 5 1 QLM
183 0 993 6 1 QLM
183 0 970 7 1 QLM
183 0 186 8 1 QLM
183 0 179 9 1 QLM
183 0 1151 10 1 QLM
184 0 1288 1 1 QLM
184 0 1326 2 1 QLM
184 0 974 3 1 QLM
184 0 773 4 1 QLM
184 0 1169 5 1 QLM
184 0 1265 6 1 QLM
184 0 1095 7 1 QLM
184 0 471 8 1 QLM
184 0 995 9 1 QLM
184 0 387 10 1 QLM
187 0 869 1 1 QLM
187 0 6 2 1 QLM
187 0 981 3 1 QLM
187 0 5 4 1 QLM
187 0 1375 5 1 QLM
187 0 582 6 1 QLM
187 0 395 7 1 QLM
187 0 158 8 1 QLM
187 0 944 9 1 QLM
187 0 101 10 1 QLM
189 0 945 1 1 QLM
189 0 745 2 1 QLM
189 0 762 3 1 QLM
189 0 1246 4 1 QLM
189 0 704 5 1 QLM
189 0 1063 6 1 QLM
189 0 987 7 1 QLM
189 0 111 8 1 QLM
189 0 1388 9 1 QLM
189 0 92 10 1 QLM
190 0 945 1 1 QLM
190 0 278 2 1 QLM
190 0 180 3 1 QLM
190 0 988 4 1 QLM
190 0 507 5 1 QLM
190 0 637 6 1 QLM
190 0 1310 7 1 QLM
190 0 73 8 1 QLM
190 0 3 9 1 QLM
190 0 987 10 1 QLM
196 0 859 1 1 QLM
196 0 948 2 1 QLM
196 0 729 3 1 QLM
196 0 5 4 1 QLM
196 0 1008 5 1 QLM
196 0 1162 6 1 QLM
196 0 391 7 1 QLM
196 0 627 8 1 QLM
196 0 933 9 1 QLM
196 0 634 10 1 QLM
200 0 950 1 1 QLM
200 0 928 2 1 QLM
200 0 1021 3 1 QLM
200 0 1022 4 1 QLM
200 0 1028 5 1 QLM
200 0 1012 6 1 QLM
200 0 1019 7 1 QLM
200 0 1023 8 1 QLM
200 0 1025 9 1 QLM
200 0 739 10 1 QLM
201 0 1025 1 1 QLM
201 0 1021 2 1 QLM
201 0 1017 3 1 QLM
201 0 950 4 1 QLM
201 0 761 5 1 QLM
201 0 952 6 1 QLM
201 0 1052 7 1 QLM
201 0 1018 8 1 QLM
201 0 1035 9 1 QLM
201 0 1019 10 1 QLM
202 0 1019 1 1 QLM
202 0 951 2 1 QLM
202 0 1016 3 1 QLM
202 0 950 4 1 QLM
202 0 1018 5 1 QLM
202 0 1028 6 1 QLM
202 0 1025 7 1 QLM
202 0 856 8 1 QLM
202 0 1035 9 1 QLM
202 0 760 10 1 QLM
203 0 1028 1 1 QLM
203 0 951 2 1 QLM
203 0 866 3 1 QLM
203 0 1012 4 1 QLM
203 0 1014 5 1 QLM
203 0 195 6 1 QLM
203 0 471 7 1 QLM
203 0 995 8 1 QLM
203 0 1021 9 1 QLM
203 0 1068 10 1 QLM
204 0 1016 1 1 QLM
204 0 1019 2 1 QLM
204 0 1028 3 1 QLM
204 0 1021 4 1 QLM
204 0 1014 5 1 QLM
204 0 951 6 1 QLM
204 0 950 7 1 QLM
204 0 1017 8 1 QLM
204 0 1013 9 1 QLM
204 0 1020 10 1 QLM
205 0 1021 1 1 QLM
205 0 1031 2 1 QLM
205 0 891 3 1 QLM
205 0 1145 4 1 QLM
205 0 239 5 1 QLM
205 0 1125 6 1 QLM
205 0 139 7 1 QLM
205 0 1070 8 1 QLM
205 0 957 9 1 QLM
205 0 1131 10 1 QLM
206 0 952 1 1 QLM
206 0 471 2 1 QLM
206 0 995 3 1 QLM
206 0 1026 4 1 QLM
206 0 1052 5 1 QLM
206 0 1023 6 1 QLM
206 0 1034 7 1 QLM
206 0 1035 8 1 QLM
206 0 853 9 1 QLM
206 0 862 10 1 QLM
208 0 953 1 1 QLM
208 0 847 2 1 QLM
208 0 897 3 1 QLM
208 0 764 4 1 QLM
208 0 887 5 1 QLM
208 0 846 6 1 QLM
208 0 1068 7 1 QLM
208 0 844 8 1 QLM
208 0 841 9 1 QLM
208 0 1172 10 1 QLM
209 0 847 1 1 QLM
209 0 897 2 1 QLM
209 0 826 3 1 QLM
209 0 953 4 1 QLM
209 0 846 5 1 QLM
209 0 844 6 1 QLM
209 0 848 7 1 QLM
209 0 1172 8 1 QLM
209 0 763 9 1 QLM
209 0 887 10 1 QLM
210 0 954 1 1 QLM
210 0 1038 2 1 QLM
210 0 890 3 1 QLM
210 0 329 4 1 QLM
210 0 1202 5 1 QLM
210 0 720 6 1 QLM
210 0 75 7 1 QLM
210 0 729 8 1 QLM
210 0 1039 9 1 QLM
210 0 722 10 1 QLM
211 0 1043 1 1 QLM
211 0 421 2 1 QLM
211 0 930 3 1 QLM
211 0 852 4 1 QLM
211 0 164 5 1 QLM
211 0 1123 6 1 QLM
211 0 1214 7 1 QLM
211 0 741 8 1 QLM
211 0 1041 9 1 QLM
211 0 498 10 1 QLM
212 0 954 1 1 QLM
212 0 1136 2 1 QLM
212 0 1175 3 1 QLM
212 0 1071 4 1 QLM
212 0 471 5 1 QLM
212 0 995 6 1 QLM
212 0 897 7 1 QLM
212 0 765 8 1 QLM
212 0 1068 9 1 QLM
212 0 741 10 1 QLM
213 0 1043 1 1 QLM
213 0 930 2 1 QLM
213 0 1171 3 1 QLM
213 0 1137 4 1 QLM
213 0 1129 5 1 QLM
213 0 1145 6 1 QLM
213 0 1070 7 1 QLM
213 0 1044 8 1 QLM
213 0 765 9 1 QLM
213 0 1068 10 1 QLM
214 0 1045 1 1 QLM
214 0 1126 2 1 QLM
214 0 955 3 1 QLM
214 0 839 4 1 QLM
214 0 471 5 1 QLM
214 0 995 6 1 QLM
214 0 838 7 1 QLM
214 0 763 8 1 QLM
214 0 847 9 1 QLM
214 0 954 10 1 QLM
215 0 1045 1 1 QLM
215 0 1126 2 1 QLM
215 0 1051 3 1 QLM
215 0 827 4 1 QLM
215 0 641 5 1 QLM
215 0 1046 6 1 QLM
215 0 520 7 1 QLM
215 0 1171 8 1 QLM
215 0 1310 9 1 QLM
215 0 1118 10 1 QLM
216 0 1045 1 1 QLM
216 0 955 2 1 QLM
216 0 854 3 1 QLM
216 0 840 4 1 QLM
216 0 1130 5 1 QLM
216 0 1175 6 1 QLM
216 0 1134 7 1 QLM
216 0 641 8 1 QLM
216 0 1137 9 1 QLM
216 0 932 10 1 QLM
217 0 956 1 1 QLM
217 0 1050 2 1 QLM
217 0 1069 3 1 QLM
217 0 843 4 1 QLM
217 0 889 5 1 QLM
217 0 850 6 1 QLM
217 0 1119 7 1 QLM
217 0 1171 8 1 QLM
217 0 1049 9 1 QLM
217 0 1358 10 1 QLM
218 0 956 1 1 QLM
218 0 1126 2 1 QLM
218 0 1048 3 1 QLM
218 0 1050 4 1 QLM
218 0 1044 5 1 QLM
218 0 928 6 1 QLM
218 0 827 7 1 QLM
218 0 826 8 1 QLM
218 0 852 9 1 QLM
218 0 1021 10 1 QLM
219 0 930 1 1 QLM
219 0 1068 2 1 QLM
219 0 1053 3 1 QLM
219 0 1070 4 1 QLM
219 0 1058 5 1 QLM
219 0 926 6 1 QLM
219 0 1363 7 1 QLM
219 0 931 8 1 QLM
219 0 365 9 1 QLM
219 0 1059 10 1 QLM
223 0 799 1 1 QLM
223 0 970 2 1 QLM
223 0 1074 3 1 QLM
223 0 1300 4 1 QLM
223 0 696 5 1 QLM
223 0 406 6 1 QLM
223 0 1062 7 1 QLM
223 0 1339 8 1 QLM
223 0 672 9 1 QLM
223 0 791 10 1 QLM
224 0 1246 1 1 QLM
224 0 465 2 1 QLM
224 0 287 3 1 QLM
224 0 433 4 1 QLM
224 0 1231 5 1 QLM
224 0 101 6 1 QLM
224 0 492 7 1 QLM
224 0 1188 8 1 QLM
224 0 289 9 1 QLM
224 0 307 10 1 QLM
225 0 671 1 1 QLM
225 0 1362 2 1 QLM
225 0 1064 3 1 QLM
225 0 1339 4 1 QLM
225 0 783 5 1 QLM
225 0 1062 6 1 QLM
225 0 924 7 1 QLM
225 0 1229 8 1 QLM
225 0 1225 9 1 QLM
225 0 683 10 1 QLM
226 0 1063 1 1 QLM
226 0 1088 2 1 QLM
226 0 349 3 1 QLM
226 0 1053 4 1 QLM
226 0 943 5 1 QLM
226 0 584 6 1 QLM
226 0 59 7 1 QLM
226 0 656 8 1 QLM
226 0 1082 9 1 QLM
226 0 575 10 1 QLM
227 0 1088 1 1 QLM
227 0 1086 2 1 QLM
227 0 1063 3 1 QLM
227 0 111 4 1 QLM
227 0 1054 5 1 QLM
227 0 15 6 1 QLM
227 0 785 7 1 QLM
227 0 584 8 1 QLM
227 0 1053 9 1 QLM
227 0 1108 10 1 QLM
230 0 1101 1 1 QLM
230 0 1065 2 1 QLM
230 0 806 3 1 QLM
230 0 76 4 1 QLM
230 0 805 5 1 QLM
230 0 781 6 1 QLM
230 0 804 7 1 QLM
230 0 1090 8 1 QLM
230 0 1096 9 1 QLM
230 0 968 10 1 QLM
231 0 1096 1 1 QLM
231 0 1099 2 1 QLM
231 0 553 3 1 QLM
231 0 1100 4 1 QLM
231 0 1098 5 1 QLM
231 0 1065 6 1 QLM
231 0 818 7 1 QLM
231 0 1097 8 1 QLM
231 0 403 9 1 QLM
231 0 1117 10 1 QLM
232 0 1179 1 1 QLM
232 0 1224 2 1 QLM
232 0 122 3 1 QLM
232 0 1248 4 1 QLM
232 0 160 5 1 QLM
232 0 801 6 1 QLM
232 0 373 7 1 QLM
232 0 1281 8 1 QLM
232 0 575 9 1 QLM
232 0 690 10 1 QLM
233 0 421 1 1 QLM
233 0 14 2 1 QLM
233 0 405 3 1 QLM
233 0 524 4 1 QLM
233 0 302 5 1 QLM
233 0 1011 6 1 QLM
233 0 949 7 1 QLM
233 0 691 8 1 QLM
233 0 609 9 1 QLM
233 0 616 10 1 QLM
234 0 1066 1 1 QLM
234 0 1259 2 1 QLM
234 0 471 3 1 QLM
234 0 995 4 1 QLM
234 0 1339 5 1 QLM
234 0 801 6 1 QLM
234 0 969 7 1 QLM
234 0 1112 8 1 QLM
234 0 1197 9 1 QLM
234 0 273 10 1 QLM
241 0 1071 1 1 QLM
241 0 1134 2 1 QLM
241 0 741 3 1 QLM
241 0 763 4 1 QLM
241 0 1172 5 1 QLM
241 0 885 6 1 QLM
241 0 887 7 1 QLM
241 0 1173 8 1 QLM
241 0 1068 9 1 QLM
241 0 839 10 1 QLM
245 0 1386 1 1 QLM
245 0 54 2 1 QLM
245 0 55 3 1 QLM
245 0 460 4 1 QLM
245 0 145 5 1 QLM
245 0 314 6 1 QLM
245 0 962 7 1 QLM
245 0 489 8 1 QLM
245 0 49 9 1 QLM
245 0 1375 10 1 QLM
246 0 54 1 1 QLM
246 0 460 2 1 QLM
246 0 489 3 1 QLM
246 0 55 4 1 QLM
246 0 366 5 1 QLM
246 0 1182 6 1 QLM
246 0 364 7 1 QLM
246 0 292 8 1 QLM
246 0 1386 9 1 QLM
246 0 559 10 1 QLM
247 0 232 1 1 QLM
247 0 492 2 1 QLM
247 0 373 3 1 QLM
247 0 1231 4 1 QLM
247 0 27 5 1 QLM
247 0 688 6 1 QLM
247 0 56 7 1 QLM
247 0 124 8 1 QLM
247 0 567 9 1 QLM
247 0 57 10 1 QLM
250 0 503 1 1 QLM
250 0 316 2 1 QLM
250 0 311 3 1 QLM
250 0 1287 4 1 QLM
250 0 415 5 1 QLM
250 0 196 6 1 QLM
250 0 1166 7 1 QLM
250 0 675 8 1 QLM
250 0 1385 9 1 QLM
250 0 996 10 1 QLM
251 0 504 1 1 QLM
251 0 71 2 1 QLM
251 0 72 3 1 QLM
251 0 209 4 1 QLM
251 0 569 5 1 QLM
251 0 335 6 1 QLM
251 0 1375 7 1 QLM
251 0 241 8 1 QLM
251 0 1276 9 1 QLM
251 0 1212 10 1 QLM
252 0 504 1 1 QLM
252 0 209 2 1 QLM
252 0 1228 3 1 QLM
252 0 1302 4 1 QLM
252 0 334 5 1 QLM
252 0 569 6 1 QLM
252 0 71 7 1 QLM
252 0 271 8 1 QLM
252 0 55 9 1 QLM
252 0 1237 10 1 QLM
253 0 274 1 1 QLM
253 0 82 2 1 QLM
253 0 553 3 1 QLM
253 0 471 4 1 QLM
253 0 995 5 1 QLM
253 0 1043 6 1 QLM
253 0 1279 7 1 QLM
253 0 307 8 1 QLM
253 0 364 9 1 QLM
253 0 14 10 1 QLM
254 0 750 1 1 QLM
254 0 157 2 1 QLM
254 0 341 3 1 QLM
254 0 965 4 1 QLM
254 0 118 5 1 QLM
254 0 1224 6 1 QLM
254 0 131 7 1 QLM
254 0 656 8 1 QLM
254 0 458 9 1 QLM
254 0 404 10 1 QLM
255 0 750 1 1 QLM
255 0 157 2 1 QLM
255 0 341 3 1 QLM
255 0 965 4 1 QLM
255 0 118 5 1 QLM
255 0 131 6 1 QLM
255 0 217 7 1 QLM
255 0 97 8 1 QLM
255 0 1224 9 1 QLM
255 0 458 10 1 QLM
257 0 238 1 1 QLM
257 0 223 2 1 QLM
257 0 471 3 1 QLM
257 0 995 4 1 QLM
257 0 670 5 1 QLM
257 0 10 6 1 QLM
257 0 1082 7 1 QLM
257 0 272 8 1 QLM
257 0 48 9 1 QLM
257 0 139 10 1 QLM
259 0 516 1 1 QLM
259 0 431 2 1 QLM
259 0 904 3 1 QLM
259 0 1066 4 1 QLM
259 0 808 5 1 QLM
259 0 1336 6 1 QLM
259 0 188 7 1 QLM
259 0 631 8 1 QLM
259 0 179 9 1 QLM
259 0 755 10 1 QLM
261 0 320 1 1 QLM
261 0 322 2 1 QLM
261 0 527 3 1 QLM
261 0 321 4 1 QLM
261 0 107 5 1 QLM
261 0 1370 6 1 QLM
261 0 476 7 1 QLM
261 0 1235 8 1 QLM
261 0 478 9 1 QLM
261 0 425 10 1 QLM
264 0 451 1 1 QLM
264 0 367 2 1 QLM
264 0 1320 3 1 QLM
264 0 916 4 1 QLM
264 0 767 5 1 QLM
264 0 1067 6 1 QLM
264 0 917 7 1 QLM
264 0 532 8 1 QLM
264 0 934 9 1 QLM
264 0 1047 10 1 QLM
265 0 1157 1 1 QLM
265 0 35 2 1 QLM
265 0 1390 3 1 QLM
265 0 501 4 1 QLM
265 0 1264 5 1 QLM
265 0 411 6 1 QLM
265 0 1198 7 1 QLM
265 0 1204 8 1 QLM
265 0 523 9 1 QLM
265 0 483 10 1 QLM
266 0 1080 1 1 QLM
266 0 1082 2 1 QLM
266 0 417 3 1 QLM
266 0 941 4 1 QLM
266 0 139 5 1 QLM
266 0 1322 6 1 QLM
266 0 1221 7 1 QLM
266 0 361 8 1 QLM
266 0 491 9 1 QLM
266 0 668 10 1 QLM
267 0 1375 1 1 QLM
267 0 586 2 1 QLM
267 0 606 3 1 QLM
267 0 542 4 1 QLM
267 0 963 5 1 QLM
267 0 164 6 1 QLM
267 0 6 7 1 QLM
267 0 160 8 1 QLM
267 0 1221 9 1 QLM
267 0 93 10 1 QLM
268 0 589 1 1 QLM
268 0 138 2 1 QLM
268 0 590 3 1 QLM
268 0 543 4 1 QLM
268 0 592 5 1 QLM
268 0 588 6 1 QLM
268 0 426 7 1 QLM
268 0 576 8 1 QLM
268 0 216 9 1 QLM
268 0 213 10 1 QLM
269 0 387 1 1 QLM
269 0 511 2 1 QLM
269 0 984 3 1 QLM
269 0 31 4 1 QLM
269 0 1068 5 1 QLM
269 0 764 6 1 QLM
269 0 471 7 1 QLM
269 0 995 8 1 QLM
269 0 985 9 1 QLM
269 0 1390 10 1 QLM
272 0 680 1 1 QLM
272 0 428 2 1 QLM
272 0 379 3 1 QLM
272 0 1339 4 1 QLM
272 0 224 5 1 QLM
272 0 930 6 1 QLM
272 0 1280 7 1 QLM
272 0 987 8 1 QLM
272 0 1267 9 1 QLM
272 0 704 10 1 QLM
273 0 548 1 1 QLM
273 0 616 2 1 QLM
273 0 622 3 1 QLM
273 0 617 4 1 QLM
273 0 719 5 1 QLM
273 0 1391 6 1 QLM
273 0 85 7 1 QLM
273 0 1000 8 1 QLM
273 0 882 9 1 QLM
273 0 1040 10 1 QLM
274 0 131 1 1 QLM
274 0 997 2 1 QLM
274 0 1074 3 1 QLM
274 0 243 4 1 QLM
274 0 993 5 1 QLM
274 0 176 6 1 QLM
274 0 970 7 1 QLM
274 0 221 8 1 QLM
274 0 1151 9 1 QLM
274 0 60 10 1 QLM
275 0 634 1 1 QLM
275 0 685 2 1 QLM
275 0 1338 3 1 QLM
275 0 686 4 1 QLM
275 0 701 5 1 QLM
275 0 856 6 1 QLM
275 0 1274 7 1 QLM
275 0 1319 8 1 QLM
275 0 193 9 1 QLM
275 0 1339 10 1 QLM
277 0 811 1 1 QLM
277 0 88 2 1 QLM
277 0 883 3 1 QLM
277 0 1177 4 1 QLM
277 0 39 5 1 QLM
277 0 253 6 1 QLM
277 0 1226 7 1 QLM
277 0 471 8 1 QLM
277 0 995 9 1 QLM
277 0 806 10 1 QLM
283 0 1286 1 1 QLM
283 0 618 2 1 QLM
283 0 515 3 1 QLM
283 0 207 4 1 QLM
283 0 417 5 1 QLM
283 0 202 6 1 QLM
283 0 656 7 1 QLM
283 0 262 8 1 QLM
283 0 575 9 1 QLM
283 0 99 10 1 QLM
284 0 856 1 1 QLM
284 0 857 2 1 QLM
284 0 1008 3 1 QLM
284 0 858 4 1 QLM
284 0 390 5 1 QLM
284 0 766 6 1 QLM
284 0 911 7 1 QLM
284 0 658 8 1 QLM
284 0 1337 9 1 QLM
284 0 729 10 1 QLM
285 0 60 1 1 QLM
285 0 230 2 1 QLM
285 0 229 3 1 QLM
285 0 1239 4 1 QLM
285 0 557 5 1 QLM
285 0 1221 6 1 QLM
285 0 1074 7 1 QLM
285 0 993 8 1 QLM
285 0 535 9 1 QLM
285 0 252 10 1 QLM
288 0 763 1 1 QLM
288 0 838 2 1 QLM
288 0 1126 3 1 QLM
288 0 839 4 1 QLM
288 0 743 5 1 QLM
288 0 1051 6 1 QLM
288 0 1172 7 1 QLM
288 0 1039 8 1 QLM
288 0 1177 9 1 QLM
288 0 827 10 1 QLM
291 0 725 1 1 QLM
291 0 720 2 1 QLM
291 0 640 3 1 QLM
291 0 911 4 1 QLM
291 0 729 5 1 QLM
291 0 722 6 1 QLM
291 0 29 7 1 QLM
291 0 908 8 1 QLM
291 0 909 9 1 QLM
291 0 471 10 1 QLM
292 0 767 1 1 QLM
292 0 471 2 1 QLM
292 0 995 3 1 QLM
292 0 1334 4 1 QLM
292 0 925 5 1 QLM
292 0 1362 6 1 QLM
292 0 314 7 1 QLM
292 0 640 8 1 QLM
292 0 833 9 1 QLM
292 0 836 10 1 QLM
293 0 390 1 1 QLM
293 0 769 2 1 QLM
293 0 1339 3 1 QLM
293 0 15 4 1 QLM
293 0 471 5 1 QLM
293 0 995 6 1 QLM
293 0 52 7 1 QLM
293 0 14 8 1 QLM
293 0 1008 9 1 QLM
293 0 122 10 1 QLM
294 0 471 1 1 QLM
294 0 995 2 1 QLM
294 0 541 3 1 QLM
294 0 827 4 1 QLM
294 0 899 5 1 QLM
294 0 894 6 1 QLM
294 0 31 7 1 QLM
294 0 1042 8 1 QLM
294 0 15 9 1 QLM
294 0 627 10 1 QLM
295 0 733 1 1 QLM
295 0 641 2 1 QLM
295 0 735 3 1 QLM
295 0 925 4 1 QLM
295 0 734 5 1 QLM
295 0 730 6 1 QLM
295 0 875 7 1 QLM
295 0 1084 8 1 QLM
295 0 647 9 1 QLM
295 0 850 10 1 QLM
296 0 730 1 1 QLM
296 0 733 2 1 QLM
296 0 734 3 1 QLM
296 0 422 4 1 QLM
296 0 736 5 1 QLM
296 0 145 6 1 QLM
296 0 648 7 1 QLM
296 0 641 8 1 QLM
296 0 425 9 1 QLM
296 0 424 10 1 QLM
297 0 642 1 1 QLM
297 0 932 2 1 QLM
297 0 744 3 1 QLM
297 0 1126 4 1 QLM
297 0 1172 5 1 QLM
297 0 1173 6 1 QLM
297 0 957 7 1 QLM
297 0 769 8 1 QLM
297 0 1116 9 1 QLM
297 0 1178 10 1 QLM
298 0 642 1 1 QLM
298 0 932 2 1 QLM
298 0 1173 3 1 QLM
298 0 831 4 1 QLM
298 0 1126 5 1 QLM
298 0 769 6 1 QLM
298 0 1145 7 1 QLM
298 0 928 8 1 QLM
298 0 1172 9 1 QLM
298 0 627 10 1 QLM
299 0 51 1 1 QLM
299 0 102 2 1 QLM
299 0 1263 3 1 QLM
299 0 1375 4 1 QLM
299 0 662 5 1 QLM
299 0 486 6 1 QLM
299 0 73 7 1 QLM
299 0 1281 8 1 QLM
299 0 746 9 1 QLM
299 0 1213 10 1 QLM
300 0 884 1 1 QLM
300 0 723 2 1 QLM
300 0 768 3 1 QLM
300 0 1312 4 1 QLM
300 0 720 5 1 QLM
300 0 881 6 1 QLM
300 0 726 7 1 QLM
300 0 882 8 1 QLM
300 0 927 9 1 QLM
300 0 575 10 1 QLM
301 0 889 1 1 QLM
301 0 1126 2 1 QLM
301 0 856 3 1 QLM
301 0 887 4 1 QLM
301 0 1068 5 1 QLM
301 0 743 6 1 QLM
301 0 826 7 1 QLM
301 0 798 8 1 QLM
301 0 886 9 1 QLM
301 0 740 10 1 QLM
303 0 930 1 1 QLM
303 0 931 2 1 QLM
303 0 1053 3 1 QLM
303 0 1070 4 1 QLM
303 0 1058 5 1 QLM
303 0 769 6 1 QLM
303 0 928 7 1 QLM
303 0 1091 8 1 QLM
303 0 1131 9 1 QLM
303 0 1117 10 1 QLM
304 0 1053 1 1 QLM
304 0 322 2 1 QLM
304 0 1071 3 1 QLM
304 0 165 4 1 QLM
304 0 54 5 1 QLM
304 0 1375 6 1 QLM
304 0 1043 7 1 QLM
304 0 734 8 1 QLM
304 0 1219 9 1 QLM
304 0 471 10 1 QLM
306 0 625 1 1 QLM
306 0 576 2 1 QLM
306 0 1299 3 1 QLM
306 0 401 4 1 QLM
306 0 1189 5 1 QLM
306 0 323 6 1 QLM
306 0 410 7 1 QLM
306 0 471 8 1 QLM
306 0 995 9 1 QLM
306 0 291 10 1 QLM
314 0 1285 1 1 QLM
314 0 1310 2 1 QLM
314 0 1309 3 1 QLM
314 0 294 4 1 QLM
314 0 101 5 1 QLM
314 0 1231 6 1 QLM
314 0 36 7 1 QLM
314 0 232 8 1 QLM
314 0 927 9 1 QLM
314 0 467 10 1 QLM
315 0 370 1 1 QLM
315 0 1310 2 1 QLM
315 0 294 3 1 QLM
315 0 101 4 1 QLM
315 0 927 5 1 QLM
315 0 58 6 1 QLM
315 0 1262 7 1 QLM
315 0 1285 8 1 QLM
315 0 1231 9 1 QLM
315 0 1074 10 1 QLM
316 0 147 1 1 QLM
316 0 1310 2 1 QLM
316 0 1080 3 1 QLM
316 0 443 4 1 QLM
316 0 1076 5 1 QLM
316 0 573 6 1 QLM
316 0 496 7 1 QLM
316 0 133 8 1 QLM
316 0 1274 9 1 QLM
316 0 1319 10 1 QLM
317 0 80 1 1 QLM
317 0 1381 2 1 QLM
317 0 1321 3 1 QLM
317 0 1323 4 1 QLM
317 0 73 5 1 QLM
317 0 337 6 1 QLM
317 0 334 7 1 QLM
317 0 662 8 1 QLM
317 0 933 9 1 QLM
317 0 131 10 1 QLM
321 0 1290 1 1 QLM
321 0 1336 2 1 QLM
321 0 598 3 1 QLM
321 0 1338 4 1 QLM
321 0 252 5 1 QLM
321 0 467 6 1 QLM
321 0 790 7 1 QLM
321 0 567 8 1 QLM
321 0 879 9 1 QLM
321 0 471 10 1 QLM
323 0 365 1 1 QLM
323 0 1040 2 1 QLM
323 0 76 3 1 QLM
323 0 661 4 1 QLM
323 0 859 5 1 QLM
323 0 274 6 1 QLM
323 0 946 7 1 QLM
323 0 189 8 1 QLM
323 0 174 9 1 QLM
323 0 151 10 1 QLM
327 0 1291 1 1 QLM
327 0 163 2 1 QLM
327 0 1352 3 1 QLM
327 0 1344 4 1 QLM
327 0 471 5 1 QLM
327 0 995 6 1 QLM
327 0 624 7 1 QLM
327 0 1289 8 1 QLM
327 0 1092 9 1 QLM
327 0 566 10 1 QLM
331 0 798 1 1 QLM
331 0 240 2 1 QLM
331 0 23 3 1 QLM
331 0 526 4 1 QLM
331 0 461 5 1 QLM
331 0 959 6 1 QLM
331 0 1364 7 1 QLM
331 0 55 8 1 QLM
331 0 16 9 1 QLM
331 0 417 10 1 QLM
332 0 1145 1 1 QLM
332 0 1172 2 1 QLM
332 0 1171 3 1 QLM
332 0 1068 4 1 QLM
332 0 743 5 1 QLM
332 0 1126 6 1 QLM
332 0 1132 7 1 QLM
332 0 956 8 1 QLM
332 0 1133 9 1 QLM
332 0 1067 10 1 QLM
333 0 1117 1 1 QLM
333 0 1051 2 1 QLM
333 0 897 3 1 QLM
333 0 743 4 1 QLM
333 0 1145 5 1 QLM
333 0 891 6 1 QLM
333 0 839 7 1 QLM
333 0 935 8 1 QLM
333 0 1171 9 1 QLM
333 0 890 10 1 QLM
335 0 1177 1 1 QLM
335 0 839 2 1 QLM
335 0 822 3 1 QLM
335 0 1178 4 1 QLM
335 0 888 5 1 QLM
335 0 885 6 1 QLM
335 0 763 7 1 QLM
335 0 769 8 1 QLM
335 0 1126 9 1 QLM
335 0 1146 10 1 QLM
336 0 769 1 1 QLM
336 0 1173 2 1 QLM
336 0 885 3 1 QLM
336 0 1146 4 1 QLM
336 0 765 5 1 QLM
336 0 888 6 1 QLM
336 0 1116 7 1 QLM
336 0 741 8 1 QLM
336 0 1145 9 1 QLM
336 0 887 10 1 QLM
338 0 1294 1 1 QLM
338 0 1126 2 1 QLM
338 0 1036 3 1 QLM
338 0 930 4 1 QLM
338 0 1058 5 1 QLM
338 0 1043 6 1 QLM
338 0 828 7 1 QLM
338 0 428 8 1 QLM
338 0 1042 9 1 QLM
338 0 848 10 1 QLM
339 0 535 1 1 QLM
339 0 1234 2 1 QLM
339 0 25 3 1 QLM
339 0 332 4 1 QLM
339 0 1205 5 1 QLM
339 0 1253 6 1 QLM
339 0 1198 7 1 QLM
339 0 456 8 1 QLM
339 0 625 9 1 QLM
339 0 1377 10 1 QLM
340 0 175 1 1 QLM
340 0 693 2 1 QLM
340 0 692 3 1 QLM
340 0 694 4 1 QLM
340 0 800 5 1 QLM
340 0 1319 6 1 QLM
340 0 1274 7 1 QLM
340 0 466 8 1 QLM
340 0 39 9 1 QLM
340 0 894 10 1 QLM
347 0 1213 1 1 QLM
347 0 625 2 1 QLM
347 0 1002 3 1 QLM
347 0 329 4 1 QLM
347 0 655 5 1 QLM
347 0 983 6 1 QLM
347 0 1161 7 1 QLM
347 0 666 8 1 QLM
347 0 142 9 1 QLM
347 0 553 10 1 QLM
348 0 559 1 1 QLM
348 0 655 2 1 QLM
348 0 154 3 1 QLM
348 0 438 4 1 QLM
348 0 666 5 1 QLM
348 0 983 6 1 QLM
348 0 295 7 1 QLM
348 0 329 8 1 QLM
348 0 1161 9 1 QLM
348 0 1281 10 1 QLM
349 0 1221 1 1 QLM
349 0 25 2 1 QLM
349 0 208 3 1 QLM
349 0 371 4 1 QLM
349 0 1222 5 1 QLM
349 0 299 6 1 QLM
349 0 992 7 1 QLM
349 0 993 8 1 QLM
349 0 73 9 1 QLM
349 0 315 10 1 QLM
352 0 1375 1 1 QLM
352 0 292 2 1 QLM
352 0 458 3 1 QLM
352 0 16 4 1 QLM
352 0 527 5 1 QLM
352 0 382 6 1 QLM
352 0 1182 7 1 QLM
352 0 321 8 1 QLM
352 0 325 9 1 QLM
352 0 375 10 1 QLM
353 0 292 1 1 QLM
353 0 1182 2 1 QLM
353 0 458 3 1 QLM
353 0 662 4 1 QLM
353 0 435 5 1 QLM
353 0 1375 6 1 QLM
353 0 1366 7 1 QLM
353 0 49 8 1 QLM
353 0 579 9 1 QLM
353 0 754 10 1 QLM
355 0 1400 1 1 QLM
355 0 1399 2 1 QLM
355 0 419 3 1 QLM
355 0 1396 4 1 QLM
355 0 1130 5 1 QLM
355 0 1398 6 1 QLM
355 0 1387 7 1 QLM
355 0 1358 8 1 QLM
355 0 1357 9 1 QLM
355 0 400 10 1 QLM
356 0 1399 1 1 QLM
356 0 400 2 1 QLM
356 0 419 3 1 QLM
356 0 1398 4 1 QLM
356 0 1396 5 1 QLM
356 0 1048 6 1 QLM
356 0 1400 7 1 QLM
356 0 1119 8 1 QLM
356 0 1050 9 1 QLM
356 0 412 10 1 QLM
360 0 317 1 1 QLM
360 0 656 2 1 QLM
360 0 575 3 1 QLM
360 0 1312 4 1 QLM
360 0 283 5 1 QLM
360 0 259 6 1 QLM
360 0 401 7 1 QLM
360 0 1318 8 1 QLM
360 0 318 9 1 QLM
360 0 167 10 1 QLM
365 0 1188 1 1 QLM
365 0 794 2 1 QLM
365 0 213 3 1 QLM
365 0 416 4 1 QLM
365 0 173 5 1 QLM
365 0 1349 6 1 QLM
365 0 792 7 1 QLM
365 0 200 8 1 QLM
365 0 338 9 1 QLM
365 0 282 10 1 QLM
