1 0 51 1 1 VSM
1 0 746 2 1 VSM
1 0 359 3 1 VSM
1 0 13 4 1 VSM
1 0 875 5 1 VSM
1 0 12 6 1 VSM
1 0 486 7 1 VSM
1 0 874 8 1 VSM
1 0 56 9 1 VSM
1 0 879 10 1 VSM
2 0 12 1 1 VSM
2 0 746 2 1 VSM
2 0 51 3 1 VSM
2 0 700 4 1 VSM
2 0 875 5 1 VSM
2 0 1169 6 1 VSM
2 0 100 7 1 VSM
2 0 792 8 1 VSM
2 0 884 9 1 VSM
2 0 253 10 1 VSM
4 0 485 1 1 VSM
4 0 399 2 1 VSM
4 0 5 3 1 VSM
4 0 144 4 1 VSM
4 0 90 5 1 VSM
4 0 91 6 1 VSM
4 0 181 7 1 VSM
4 0 582 8 1 VSM
4 0 6 9 1 VSM
4 0 542 10 1 VSM
8 0 166 1 1 VSM
8 0 488 2 1 VSM
8 0 410 3 1 VSM
8 0 1061 4 1 VSM
8 0 167 5 1 VSM
8 0 1275 6 1 VSM
8 0 185 7 1 VSM
8 0 575 8 1 VSM
8 0 1312 9 1 VSM
8 0 1189 10 1 VSM
9 0 103 1 1 VSM
9 0 552 2 1 VSM
9 0 1032 3 1 VSM
9 0 410 4 1 VSM
9 0 367 5 1 VSM
9 0 1158 6 1 VSM
9 0 26 7 1 VSM
9 0 1379 8 1 VSM
9 0 401 9 1 VSM
9 0 368 10 1 VSM
10 0 491 1 1 VSM
10 0 385 2 1 VSM
10 0 386 3 1 VSM
10 0 1273 4 1 VSM
10 0 99 5 1 VSM
10 0 257 6 1 VSM
10 0 151 7 1 VSM
10 0 406 8 1 VSM
10 0 271 9 1 VSM
10 0 1282 10 1 VSM
12 0 492 1 1 VSM
12 0 57 2 1 VSM
12 0 434 3 1 VSM
12 0 354 4 1 VSM
12 0 56 5 1 VSM
12 0 1231 6 1 VSM
12 0 1040 7 1 VSM
12 0 233 8 1 VSM
12 0 1307 9 1 VSM
12 0 48 10 1 VSM
13 0 492 1 1 VSM
13 0 122 2 1 VSM
13 0 234 3 1 VSM
13 0 354 4 1 VSM
13 0 1231 5 1 VSM
13 0 69 6 1 VSM
13 0 248 7 1 VSM
13 0 1307 8 1 VSM
13 0 232 9 1 VSM
13 0 469 10 1 VSM
15 0 398 1 1 VSM
15 0 102 2 1 VSM
15 0 45 3 1 VSM
15 0 5 4 1 VSM
15 0 554 5 1 VSM
15 0 846 6 1 VSM
15 0 763 7 1 VSM
15 0 983 8 1 VSM
15 0 303 9 1 VSM
15 0 120 10 1 VSM
18 0 302 1 1 VSM
18 0 949 2 1 VSM
18 0 493 3 1 VSM
18 0 524 4 1 VSM
18 0 616 5 1 VSM
18 0 1214 6 1 VSM
18 0 1199 7 1 VSM
18 0 1098 8 1 VSM
18 0 405 9 1 VSM
18 0 691 10 1 VSM
22 0 495 1 1 VSM
22 0 654 2 1 VSM
22 0 1327 3 1 VSM
22 0 556 4 1 VSM
22 0 738 5 1 VSM
22 0 1186 6 1 VSM
22 0 472 7 1 VSM
22 0 28 8 1 VSM
22 0 1356 9 1 VSM
22 0 305 10 1 VSM
23 0 941 1 1 VSM
23 0 624 2 1 VSM
23 0 1221 3 1 VSM
23 0 966 4 1 VSM
23 0 1223 5 1 VSM
23 0 270 6 1 VSM
23 0 652 7 1 VSM
23 0 34 8 1 VSM
23 0 245 9 1 VSM
23 0 1222 10 1 VSM
26 0 496 1 1 VSM
26 0 903 2 1 VSM
26 0 313 3 1 VSM
26 0 643 4 1 VSM
26 0 199 5 1 VSM
26 0 468 6 1 VSM
26 0 801 7 1 VSM
26 0 503 8 1 VSM
26 0 507 9 1 VSM
26 0 526 10 1 VSM
27 0 170 1 1 VSM
27 0 798 2 1 VSM
27 0 256 3 1 VSM
27 0 345 4 1 VSM
27 0 64 5 1 VSM
27 0 1364 6 1 VSM
27 0 335 7 1 VSM
27 0 291 8 1 VSM
27 0 973 9 1 VSM
27 0 65 10 1 VSM
29 0 462 1 1 VSM
29 0 1097 2 1 VSM
29 0 1096 3 1 VSM
29 0 463 4 1 VSM
29 0 761 5 1 VSM
29 0 553 6 1 VSM
29 0 1025 7 1 VSM
29 0 866 8 1 VSM
29 0 1117 9 1 VSM
29 0 1098 10 1 VSM
31 0 498 1 1 VSM
31 0 106 2 1 VSM
31 0 231 3 1 VSM
31 0 248 4 1 VSM
31 0 1328 5 1 VSM
31 0 1301 6 1 VSM
31 0 1112 7 1 VSM
31 0 494 8 1 VSM
31 0 1255 9 1 VSM
31 0 384 10 1 VSM
32 0 106 1 1 VSM
32 0 498 2 1 VSM
32 0 1108 3 1 VSM
32 0 1301 4 1 VSM
32 0 410 5 1 VSM
32 0 494 6 1 VSM
32 0 231 7 1 VSM
32 0 384 8 1 VSM
32 0 336 9 1 VSM
32 0 1112 10 1 VSM
33 0 492 1 1 VSM
33 0 248 2 1 VSM
33 0 197 3 1 VSM
33 0 498 4 1 VSM
33 0 354 5 1 VSM
33 0 234 6 1 VSM
33 0 56 7 1 VSM
33 0 122 8 1 VSM
33 0 106 9 1 VSM
33 0 1231 10 1 VSM
34 0 803 1 1 VSM
34 0 1242 2 1 VSM
34 0 286 3 1 VSM
34 0 434 4 1 VSM
34 0 660 5 1 VSM
34 0 1006 6 1 VSM
34 0 1005 7 1 VSM
34 0 987 8 1 VSM
34 0 706 9 1 VSM
34 0 516 10 1 VSM
35 0 500 1 1 VSM
35 0 270 2 1 VSM
35 0 87 3 1 VSM
35 0 450 4 1 VSM
35 0 88 5 1 VSM
35 0 963 6 1 VSM
35 0 407 7 1 VSM
35 0 268 8 1 VSM
35 0 607 9 1 VSM
35 0 104 10 1 VSM
39 0 502 1 1 VSM
39 0 16 2 1 VSM
39 0 377 3 1 VSM
39 0 68 4 1 VSM
39 0 271 5 1 VSM
39 0 17 6 1 VSM
39 0 1007 7 1 VSM
39 0 376 8 1 VSM
39 0 628 9 1 VSM
39 0 686 10 1 VSM
40 0 125 1 1 VSM
40 0 254 2 1 VSM
40 0 560 3 1 VSM
40 0 346 4 1 VSM
40 0 140 5 1 VSM
40 0 413 6 1 VSM
40 0 260 7 1 VSM
40 0 1147 8 1 VSM
40 0 348 9 1 VSM
40 0 655 10 1 VSM
41 0 892 1 1 VSM
41 0 899 2 1 VSM
41 0 1259 3 1 VSM
41 0 1109 4 1 VSM
41 0 586 5 1 VSM
41 0 903 6 1 VSM
41 0 141 7 1 VSM
41 0 530 8 1 VSM
41 0 902 9 1 VSM
41 0 1112 10 1 VSM
49 0 756 1 1 VSM
49 0 46 2 1 VSM
49 0 833 3 1 VSM
49 0 612 4 1 VSM
49 0 12 5 1 VSM
49 0 47 6 1 VSM
49 0 1034 7 1 VSM
49 0 1361 8 1 VSM
49 0 1317 9 1 VSM
49 0 834 10 1 VSM
50 0 277 1 1 VSM
50 0 214 2 1 VSM
50 0 772 3 1 VSM
50 0 990 4 1 VSM
50 0 987 5 1 VSM
50 0 216 6 1 VSM
50 0 540 7 1 VSM
50 0 215 8 1 VSM
50 0 134 9 1 VSM
50 0 121 10 1 VSM
51 0 307 1 1 VSM
51 0 145 2 1 VSM
51 0 611 3 1 VSM
51 0 4 4 1 VSM
51 0 382 5 1 VSM
51 0 1076 6 1 VSM
51 0 348 7 1 VSM
51 0 306 8 1 VSM
51 0 3 9 1 VSM
51 0 629 10 1 VSM
52 0 1031 1 1 VSM
52 0 512 2 1 VSM
52 0 680 3 1 VSM
52 0 1293 4 1 VSM
52 0 1132 5 1 VSM
52 0 1035 6 1 VSM
52 0 1176 7 1 VSM
52 0 752 8 1 VSM
52 0 1129 9 1 VSM
52 0 224 10 1 VSM
53 0 680 1 1 VSM
53 0 674 2 1 VSM
53 0 752 3 1 VSM
53 0 921 4 1 VSM
53 0 384 5 1 VSM
53 0 1051 6 1 VSM
53 0 1048 7 1 VSM
53 0 247 8 1 VSM
53 0 681 9 1 VSM
53 0 920 10 1 VSM
54 0 465 1 1 VSM
54 0 420 2 1 VSM
54 0 250 3 1 VSM
54 0 612 4 1 VSM
54 0 222 5 1 VSM
54 0 900 6 1 VSM
54 0 601 7 1 VSM
54 0 683 8 1 VSM
54 0 901 9 1 VSM
54 0 200 10 1 VSM
55 0 633 1 1 VSM
55 0 752 2 1 VSM
55 0 602 3 1 VSM
55 0 683 4 1 VSM
55 0 513 5 1 VSM
55 0 601 6 1 VSM
55 0 1058 7 1 VSM
55 0 465 8 1 VSM
55 0 19 9 1 VSM
55 0 680 10 1 VSM
56 0 751 1 1 VSM
56 0 68 2 1 VSM
56 0 918 3 1 VSM
56 0 247 4 1 VSM
56 0 916 5 1 VSM
56 0 551 6 1 VSM
56 0 698 7 1 VSM
56 0 228 8 1 VSM
56 0 780 9 1 VSM
56 0 1245 10 1 VSM
57 0 752 1 1 VSM
57 0 1259 2 1 VSM
57 0 738 3 1 VSM
57 0 27 4 1 VSM
57 0 242 5 1 VSM
57 0 1310 6 1 VSM
57 0 192 7 1 VSM
57 0 1186 8 1 VSM
57 0 1112 9 1 VSM
57 0 556 10 1 VSM
58 0 516 1 1 VSM
58 0 594 2 1 VSM
58 0 431 3 1 VSM
58 0 598 4 1 VSM
58 0 808 5 1 VSM
58 0 141 6 1 VSM
58 0 1155 7 1 VSM
58 0 904 8 1 VSM
58 0 755 9 1 VSM
58 0 184 10 1 VSM
59 0 516 1 1 VSM
59 0 1153 2 1 VSM
59 0 610 3 1 VSM
59 0 431 4 1 VSM
59 0 252 5 1 VSM
59 0 672 6 1 VSM
59 0 1062 7 1 VSM
59 0 594 8 1 VSM
59 0 799 9 1 VSM
59 0 598 10 1 VSM
61 0 724 1 1 VSM
61 0 1244 2 1 VSM
61 0 1208 3 1 VSM
61 0 654 4 1 VSM
61 0 75 5 1 VSM
61 0 1327 6 1 VSM
61 0 1203 7 1 VSM
61 0 488 8 1 VSM
61 0 65 9 1 VSM
61 0 1314 10 1 VSM
62 0 398 1 1 VSM
62 0 554 2 1 VSM
62 0 623 3 1 VSM
62 0 168 4 1 VSM
62 0 666 5 1 VSM
62 0 303 6 1 VSM
62 0 550 7 1 VSM
62 0 120 8 1 VSM
62 0 872 9 1 VSM
62 0 546 10 1 VSM
66 0 186 1 1 VSM
66 0 1311 2 1 VSM
66 0 234 3 1 VSM
66 0 176 4 1 VSM
66 0 189 5 1 VSM
66 0 979 6 1 VSM
66 0 188 7 1 VSM
66 0 179 8 1 VSM
66 0 519 9 1 VSM
66 0 173 10 1 VSM
67 0 536 1 1 VSM
67 0 976 2 1 VSM
67 0 295 3 1 VSM
67 0 1141 4 1 VSM
67 0 272 5 1 VSM
67 0 294 6 1 VSM
67 0 154 7 1 VSM
67 0 1264 8 1 VSM
67 0 1368 9 1 VSM
67 0 360 10 1 VSM
68 0 272 1 1 VSM
68 0 1205 2 1 VSM
68 0 1264 3 1 VSM
68 0 1278 4 1 VSM
68 0 37 5 1 VSM
68 0 337 6 1 VSM
68 0 295 7 1 VSM
68 0 9 8 1 VSM
68 0 43 9 1 VSM
68 0 315 10 1 VSM
69 0 536 1 1 VSM
69 0 37 2 1 VSM
69 0 295 3 1 VSM
69 0 272 4 1 VSM
69 0 1141 5 1 VSM
69 0 976 6 1 VSM
69 0 1205 7 1 VSM
69 0 1368 8 1 VSM
69 0 294 9 1 VSM
69 0 1158 10 1 VSM
71 0 289 1 1 VSM
71 0 433 2 1 VSM
71 0 927 3 1 VSM
71 0 1141 4 1 VSM
71 0 432 5 1 VSM
71 0 229 6 1 VSM
71 0 288 7 1 VSM
71 0 154 8 1 VSM
71 0 126 9 1 VSM
71 0 1152 10 1 VSM
72 0 521 1 1 VSM
72 0 526 2 1 VSM
72 0 503 3 1 VSM
72 0 440 4 1 VSM
72 0 468 5 1 VSM
72 0 467 6 1 VSM
72 0 469 7 1 VSM
72 0 404 8 1 VSM
72 0 801 9 1 VSM
72 0 312 10 1 VSM
74 0 467 1 1 VSM
74 0 503 2 1 VSM
74 0 404 3 1 VSM
74 0 194 4 1 VSM
74 0 469 5 1 VSM
74 0 440 6 1 VSM
74 0 468 7 1 VSM
74 0 312 8 1 VSM
74 0 39 9 1 VSM
74 0 526 10 1 VSM
79 0 583 1 1 VSM
79 0 820 2 1 VSM
79 0 27 3 1 VSM
79 0 232 4 1 VSM
79 0 1314 5 1 VSM
79 0 103 6 1 VSM
79 0 1031 7 1 VSM
79 0 541 8 1 VSM
79 0 752 9 1 VSM
79 0 1148 10 1 VSM
80 0 305 1 1 VSM
80 0 525 2 1 VSM
80 0 540 3 1 VSM
80 0 1185 4 1 VSM
80 0 84 5 1 VSM
80 0 123 6 1 VSM
80 0 37 7 1 VSM
80 0 26 8 1 VSM
80 0 310 9 1 VSM
80 0 1200 10 1 VSM
81 0 525 1 1 VSM
81 0 1185 2 1 VSM
81 0 123 3 1 VSM
81 0 84 4 1 VSM
81 0 37 5 1 VSM
81 0 305 6 1 VSM
81 0 623 7 1 VSM
81 0 655 8 1 VSM
81 0 803 9 1 VSM
81 0 398 10 1 VSM
82 0 568 1 1 VSM
82 0 525 2 1 VSM
82 0 305 3 1 VSM
82 0 304 4 1 VSM
82 0 1200 5 1 VSM
82 0 570 6 1 VSM
82 0 310 7 1 VSM
82 0 540 8 1 VSM
82 0 663 9 1 VSM
82 0 327 10 1 VSM
83 0 526 1 1 VSM
83 0 440 2 1 VSM
83 0 801 3 1 VSM
83 0 879 4 1 VSM
83 0 638 5 1 VSM
83 0 468 6 1 VSM
83 0 368 7 1 VSM
83 0 503 8 1 VSM
83 0 969 9 1 VSM
83 0 609 10 1 VSM
84 0 527 1 1 VSM
84 0 322 2 1 VSM
84 0 321 3 1 VSM
84 0 320 4 1 VSM
84 0 349 5 1 VSM
84 0 377 6 1 VSM
84 0 1087 7 1 VSM
84 0 538 8 1 VSM
84 0 1054 9 1 VSM
84 0 832 10 1 VSM
85 0 326 1 1 VSM
85 0 192 2 1 VSM
85 0 1301 3 1 VSM
85 0 1259 4 1 VSM
85 0 1112 5 1 VSM
85 0 494 6 1 VSM
85 0 337 7 1 VSM
85 0 273 8 1 VSM
85 0 27 9 1 VSM
85 0 992 10 1 VSM
86 0 326 1 1 VSM
86 0 494 2 1 VSM
86 0 1301 3 1 VSM
86 0 192 4 1 VSM
86 0 94 5 1 VSM
86 0 23 6 1 VSM
86 0 106 7 1 VSM
86 0 1112 8 1 VSM
86 0 528 9 1 VSM
86 0 1259 10 1 VSM
87 0 326 1 1 VSM
87 0 306 2 1 VSM
87 0 21 3 1 VSM
87 0 1215 4 1 VSM
87 0 528 5 1 VSM
87 0 629 6 1 VSM
87 0 22 7 1 VSM
87 0 1076 8 1 VSM
87 0 4 9 1 VSM
87 0 798 10 1 VSM
93 0 208 1 1 VSM
93 0 1236 2 1 VSM
93 0 269 3 1 VSM
93 0 1253 4 1 VSM
93 0 1282 5 1 VSM
93 0 267 6 1 VSM
93 0 61 7 1 VSM
93 0 298 8 1 VSM
93 0 33 9 1 VSM
93 0 653 10 1 VSM
94 0 123 1 1 VSM
94 0 1185 2 1 VSM
94 0 84 3 1 VSM
94 0 525 4 1 VSM
94 0 666 5 1 VSM
94 0 623 6 1 VSM
94 0 554 7 1 VSM
94 0 398 8 1 VSM
94 0 559 9 1 VSM
94 0 784 10 1 VSM
95 0 376 1 1 VSM
95 0 460 2 1 VSM
95 0 4 3 1 VSM
95 0 1301 4 1 VSM
95 0 1383 5 1 VSM
95 0 406 6 1 VSM
95 0 1154 7 1 VSM
95 0 562 8 1 VSM
95 0 798 9 1 VSM
95 0 899 10 1 VSM
97 0 753 1 1 VSM
97 0 878 2 1 VSM
97 0 202 3 1 VSM
97 0 634 4 1 VSM
97 0 441 5 1 VSM
97 0 1290 6 1 VSM
97 0 1339 7 1 VSM
97 0 391 8 1 VSM
97 0 1111 9 1 VSM
97 0 593 10 1 VSM
98 0 753 1 1 VSM
98 0 878 2 1 VSM
98 0 1111 3 1 VSM
98 0 634 4 1 VSM
98 0 202 5 1 VSM
98 0 593 6 1 VSM
98 0 1290 7 1 VSM
98 0 15 8 1 VSM
98 0 1339 9 1 VSM
98 0 1338 10 1 VSM
99 0 120 1 1 VSM
99 0 963 2 1 VSM
99 0 398 3 1 VSM
99 0 873 4 1 VSM
99 0 554 5 1 VSM
99 0 1159 6 1 VSM
99 0 1104 7 1 VSM
99 0 754 8 1 VSM
99 0 270 9 1 VSM
99 0 784 10 1 VSM
100 0 23 1 1 VSM
100 0 382 2 1 VSM
100 0 785 3 1 VSM
100 0 912 4 1 VSM
100 0 629 5 1 VSM
100 0 261 6 1 VSM
100 0 105 7 1 VSM
100 0 381 8 1 VSM
100 0 786 9 1 VSM
100 0 788 10 1 VSM
101 0 527 1 1 VSM
101 0 322 2 1 VSM
101 0 321 3 1 VSM
101 0 320 4 1 VSM
101 0 107 5 1 VSM
101 0 11 6 1 VSM
101 0 350 7 1 VSM
101 0 730 8 1 VSM
101 0 476 9 1 VSM
101 0 961 10 1 VSM
102 0 564 1 1 VSM
102 0 566 2 1 VSM
102 0 539 3 1 VSM
102 0 1213 4 1 VSM
102 0 333 5 1 VSM
102 0 565 6 1 VSM
102 0 1159 7 1 VSM
102 0 435 8 1 VSM
102 0 1258 9 1 VSM
102 0 784 10 1 VSM
103 0 533 1 1 VSM
103 0 483 2 1 VSM
103 0 785 3 1 VSM
103 0 105 4 1 VSM
103 0 787 5 1 VSM
103 0 381 6 1 VSM
103 0 1081 7 1 VSM
103 0 1046 8 1 VSM
103 0 788 9 1 VSM
103 0 382 10 1 VSM
104 0 1045 1 1 VSM
104 0 738 2 1 VSM
104 0 678 3 1 VSM
104 0 839 4 1 VSM
104 0 1046 5 1 VSM
104 0 204 6 1 VSM
104 0 1051 7 1 VSM
104 0 843 8 1 VSM
104 0 491 9 1 VSM
104 0 1121 10 1 VSM
105 0 52 1 1 VSM
105 0 878 2 1 VSM
105 0 482 3 1 VSM
105 0 390 4 1 VSM
105 0 593 5 1 VSM
105 0 753 6 1 VSM
105 0 202 7 1 VSM
105 0 15 8 1 VSM
105 0 1111 9 1 VSM
105 0 914 10 1 VSM
106 0 3 1 1 VSM
106 0 388 2 1 VSM
106 0 4 3 1 VSM
106 0 664 4 1 VSM
106 0 393 5 1 VSM
106 0 180 6 1 VSM
106 0 569 7 1 VSM
106 0 389 8 1 VSM
106 0 1386 9 1 VSM
106 0 1107 10 1 VSM
107 0 128 1 1 VSM
107 0 1182 2 1 VSM
107 0 305 3 1 VSM
107 0 310 4 1 VSM
107 0 664 5 1 VSM
107 0 191 6 1 VSM
107 0 1251 7 1 VSM
107 0 590 8 1 VSM
107 0 4 9 1 VSM
107 0 389 10 1 VSM
108 0 3 1 1 VSM
108 0 4 2 1 VSM
108 0 393 3 1 VSM
108 0 664 4 1 VSM
108 0 180 5 1 VSM
108 0 389 6 1 VSM
108 0 1107 7 1 VSM
108 0 458 8 1 VSM
108 0 629 9 1 VSM
108 0 306 10 1 VSM
109 0 628 1 1 VSM
109 0 343 2 1 VSM
109 0 662 3 1 VSM
109 0 339 4 1 VSM
109 0 1237 5 1 VSM
109 0 338 6 1 VSM
109 0 974 7 1 VSM
109 0 480 8 1 VSM
109 0 125 9 1 VSM
109 0 337 10 1 VSM
110 0 264 1 1 VSM
110 0 1383 2 1 VSM
110 0 105 3 1 VSM
110 0 4 4 1 VSM
110 0 1138 5 1 VSM
110 0 459 6 1 VSM
110 0 1182 7 1 VSM
110 0 111 8 1 VSM
110 0 664 9 1 VSM
110 0 1382 10 1 VSM
111 0 1149 1 1 VSM
111 0 300 2 1 VSM
111 0 540 3 1 VSM
111 0 4 4 1 VSM
111 0 349 5 1 VSM
111 0 180 6 1 VSM
111 0 1383 7 1 VSM
111 0 1382 8 1 VSM
111 0 327 9 1 VSM
111 0 62 10 1 VSM
112 0 540 1 1 VSM
112 0 305 2 1 VSM
112 0 573 3 1 VSM
112 0 570 4 1 VSM
112 0 537 5 1 VSM
112 0 310 6 1 VSM
112 0 1299 7 1 VSM
112 0 1253 8 1 VSM
112 0 26 9 1 VSM
112 0 170 10 1 VSM
113 0 630 1 1 VSM
113 0 666 2 1 VSM
113 0 668 3 1 VSM
113 0 540 4 1 VSM
113 0 238 5 1 VSM
113 0 1078 6 1 VSM
113 0 663 7 1 VSM
113 0 139 8 1 VSM
113 0 63 9 1 VSM
113 0 1191 10 1 VSM
114 0 332 1 1 VSM
114 0 573 2 1 VSM
114 0 541 3 1 VSM
114 0 577 4 1 VSM
114 0 410 5 1 VSM
114 0 572 6 1 VSM
114 0 359 7 1 VSM
114 0 1296 8 1 VSM
114 0 401 9 1 VSM
114 0 552 10 1 VSM
116 0 1153 1 1 VSM
116 0 68 2 1 VSM
116 0 876 3 1 VSM
116 0 625 4 1 VSM
116 0 26 5 1 VSM
116 0 656 6 1 VSM
116 0 1158 7 1 VSM
116 0 1155 8 1 VSM
116 0 317 9 1 VSM
116 0 516 10 1 VSM
118 0 584 1 1 VSM
118 0 629 2 1 VSM
118 0 324 3 1 VSM
118 0 902 4 1 VSM
118 0 396 5 1 VSM
118 0 554 6 1 VSM
118 0 398 7 1 VSM
118 0 303 8 1 VSM
118 0 645 9 1 VSM
118 0 13 10 1 VSM
119 0 667 1 1 VSM
119 0 666 2 1 VSM
119 0 670 3 1 VSM
119 0 1394 4 1 VSM
119 0 238 5 1 VSM
119 0 668 6 1 VSM
119 0 1264 7 1 VSM
119 0 570 8 1 VSM
119 0 1395 9 1 VSM
119 0 1076 10 1 VSM
120 0 667 1 1 VSM
120 0 1264 2 1 VSM
120 0 668 3 1 VSM
120 0 329 4 1 VSM
120 0 1391 5 1 VSM
120 0 670 6 1 VSM
120 0 1395 7 1 VSM
120 0 170 8 1 VSM
120 0 238 9 1 VSM
120 0 504 10 1 VSM
121 0 589 1 1 VSM
121 0 591 2 1 VSM
121 0 216 3 1 VSM
121 0 592 4 1 VSM
121 0 543 5 1 VSM
121 0 138 6 1 VSM
121 0 578 7 1 VSM
121 0 590 8 1 VSM
121 0 237 9 1 VSM
121 0 214 10 1 VSM
122 0 199 1 1 VSM
122 0 567 2 1 VSM
122 0 1066 3 1 VSM
122 0 544 4 1 VSM
122 0 689 5 1 VSM
122 0 748 6 1 VSM
122 0 347 7 1 VSM
122 0 597 8 1 VSM
122 0 19 9 1 VSM
122 0 670 10 1 VSM
123 0 544 1 1 VSM
123 0 1335 2 1 VSM
123 0 546 3 1 VSM
123 0 604 4 1 VSM
123 0 917 5 1 VSM
123 0 1317 6 1 VSM
123 0 301 7 1 VSM
123 0 597 8 1 VSM
123 0 1066 9 1 VSM
123 0 441 10 1 VSM
126 0 249 1 1 VSM
126 0 714 2 1 VSM
126 0 672 3 1 VSM
126 0 206 4 1 VSM
126 0 203 5 1 VSM
126 0 652 6 1 VSM
126 0 799 7 1 VSM
126 0 631 8 1 VSM
126 0 597 9 1 VSM
126 0 226 10 1 VSM
128 0 678 1 1 VSM
128 0 1334 2 1 VSM
128 0 676 3 1 VSM
128 0 1339 4 1 VSM
128 0 632 5 1 VSM
128 0 698 6 1 VSM
128 0 1332 7 1 VSM
128 0 247 8 1 VSM
128 0 677 9 1 VSM
128 0 699 10 1 VSM
130 0 1275 1 1 VSM
130 0 1060 2 1 VSM
130 0 1053 3 1 VSM
130 0 242 4 1 VSM
130 0 820 5 1 VSM
130 0 27 6 1 VSM
130 0 385 7 1 VSM
130 0 487 8 1 VSM
130 0 24 9 1 VSM
130 0 556 10 1 VSM
131 0 294 1 1 VSM
131 0 398 2 1 VSM
131 0 522 3 1 VSM
131 0 21 4 1 VSM
131 0 1281 5 1 VSM
131 0 554 6 1 VSM
131 0 19 7 1 VSM
131 0 872 8 1 VSM
131 0 122 9 1 VSM
131 0 378 10 1 VSM
132 0 294 1 1 VSM
132 0 418 2 1 VSM
132 0 1155 3 1 VSM
132 0 522 4 1 VSM
132 0 1153 5 1 VSM
132 0 272 6 1 VSM
132 0 431 7 1 VSM
132 0 516 8 1 VSM
132 0 315 9 1 VSM
132 0 40 10 1 VSM
133 0 594 1 1 VSM
133 0 755 2 1 VSM
133 0 1155 3 1 VSM
133 0 516 4 1 VSM
133 0 431 5 1 VSM
133 0 598 6 1 VSM
133 0 790 7 1 VSM
133 0 141 8 1 VSM
133 0 1272 9 1 VSM
133 0 280 10 1 VSM
135 0 439 1 1 VSM
135 0 569 2 1 VSM
135 0 547 3 1 VSM
135 0 26 4 1 VSM
135 0 667 5 1 VSM
135 0 610 6 1 VSM
135 0 134 7 1 VSM
135 0 334 8 1 VSM
135 0 71 9 1 VSM
135 0 655 10 1 VSM
136 0 613 1 1 VSM
136 0 548 2 1 VSM
136 0 615 3 1 VSM
136 0 616 4 1 VSM
136 0 614 5 1 VSM
136 0 622 6 1 VSM
136 0 617 7 1 VSM
136 0 619 8 1 VSM
136 0 618 9 1 VSM
136 0 162 10 1 VSM
137 0 632 1 1 VSM
137 0 793 2 1 VSM
137 0 464 3 1 VSM
137 0 200 4 1 VSM
137 0 674 5 1 VSM
137 0 1341 6 1 VSM
137 0 420 7 1 VSM
137 0 797 8 1 VSM
137 0 205 9 1 VSM
137 0 465 10 1 VSM
138 0 240 1 1 VSM
138 0 187 2 1 VSM
138 0 996 3 1 VSM
138 0 959 4 1 VSM
138 0 53 5 1 VSM
138 0 1216 6 1 VSM
138 0 358 7 1 VSM
138 0 311 8 1 VSM
138 0 1106 9 1 VSM
138 0 1228 10 1 VSM
139 0 610 1 1 VSM
139 0 252 2 1 VSM
139 0 799 3 1 VSM
139 0 1062 4 1 VSM
139 0 924 5 1 VSM
139 0 672 6 1 VSM
139 0 526 7 1 VSM
139 0 801 8 1 VSM
139 0 879 9 1 VSM
139 0 468 10 1 VSM
140 0 810 1 1 VSM
140 0 1247 2 1 VSM
140 0 804 3 1 VSM
140 0 806 4 1 VSM
140 0 1219 5 1 VSM
140 0 1243 6 1 VSM
140 0 1331 7 1 VSM
140 0 683 8 1 VSM
140 0 808 9 1 VSM
140 0 1252 10 1 VSM
141 0 635 1 1 VSM
141 0 1336 2 1 VSM
141 0 691 3 1 VSM
141 0 1314 4 1 VSM
141 0 1072 5 1 VSM
141 0 68 6 1 VSM
141 0 232 7 1 VSM
141 0 144 8 1 VSM
141 0 1335 9 1 VSM
141 0 1241 10 1 VSM
142 0 559 1 1 VSM
142 0 1393 2 1 VSM
142 0 1161 3 1 VSM
142 0 283 4 1 VSM
142 0 438 5 1 VSM
142 0 1104 6 1 VSM
142 0 1394 7 1 VSM
142 0 35 8 1 VSM
142 0 983 9 1 VSM
142 0 101 10 1 VSM
143 0 662 1 1 VSM
143 0 554 2 1 VSM
143 0 1258 3 1 VSM
143 0 535 4 1 VSM
143 0 398 5 1 VSM
143 0 123 6 1 VSM
143 0 872 7 1 VSM
143 0 1104 8 1 VSM
143 0 553 9 1 VSM
143 0 628 10 1 VSM
145 0 698 1 1 VSM
145 0 637 2 1 VSM
145 0 699 3 1 VSM
145 0 700 4 1 VSM
145 0 899 5 1 VSM
145 0 892 6 1 VSM
145 0 680 7 1 VSM
145 0 465 8 1 VSM
145 0 1259 9 1 VSM
145 0 247 10 1 VSM
146 0 1331 1 1 VSM
146 0 882 2 1 VSM
146 0 1289 3 1 VSM
146 0 495 4 1 VSM
146 0 781 5 1 VSM
146 0 783 6 1 VSM
146 0 779 7 1 VSM
146 0 1270 8 1 VSM
146 0 654 9 1 VSM
146 0 1391 10 1 VSM
147 0 673 1 1 VSM
147 0 638 2 1 VSM
147 0 1163 3 1 VSM
147 0 792 4 1 VSM
147 0 631 5 1 VSM
147 0 238 6 1 VSM
147 0 368 7 1 VSM
147 0 748 8 1 VSM
147 0 245 9 1 VSM
147 0 1393 10 1 VSM
148 0 639 1 1 VSM
148 0 719 2 1 VSM
148 0 716 3 1 VSM
148 0 715 4 1 VSM
148 0 717 5 1 VSM
148 0 944 6 1 VSM
148 0 164 7 1 VSM
148 0 958 8 1 VSM
148 0 67 9 1 VSM
148 0 77 10 1 VSM
149 0 760 1 1 VSM
149 0 1122 2 1 VSM
149 0 822 3 1 VSM
149 0 739 4 1 VSM
149 0 1126 5 1 VSM
149 0 741 6 1 VSM
149 0 897 7 1 VSM
149 0 740 8 1 VSM
149 0 1172 9 1 VSM
149 0 1013 10 1 VSM
150 0 820 1 1 VSM
150 0 1119 2 1 VSM
150 0 819 3 1 VSM
150 0 825 4 1 VSM
150 0 818 5 1 VSM
150 0 823 6 1 VSM
150 0 817 7 1 VSM
150 0 760 8 1 VSM
150 0 1067 9 1 VSM
150 0 826 10 1 VSM
152 0 910 1 1 VSM
152 0 516 2 1 VSM
152 0 1092 3 1 VSM
152 0 728 4 1 VSM
152 0 1001 5 1 VSM
152 0 729 6 1 VSM
152 0 1242 7 1 VSM
152 0 1007 8 1 VSM
152 0 286 9 1 VSM
152 0 287 10 1 VSM
153 0 761 1 1 VSM
153 0 1048 2 1 VSM
153 0 1050 3 1 VSM
153 0 720 4 1 VSM
153 0 1214 5 1 VSM
153 0 1049 6 1 VSM
153 0 770 7 1 VSM
153 0 1127 8 1 VSM
153 0 669 9 1 VSM
153 0 1126 10 1 VSM
154 0 762 1 1 VSM
154 0 462 2 1 VSM
154 0 644 3 1 VSM
154 0 1177 4 1 VSM
154 0 910 5 1 VSM
154 0 821 6 1 VSM
154 0 913 7 1 VSM
154 0 824 8 1 VSM
154 0 1316 9 1 VSM
154 0 29 10 1 VSM
155 0 848 1 1 VSM
155 0 764 2 1 VSM
155 0 847 3 1 VSM
155 0 846 4 1 VSM
155 0 953 5 1 VSM
155 0 743 6 1 VSM
155 0 1071 7 1 VSM
155 0 763 8 1 VSM
155 0 821 9 1 VSM
155 0 739 10 1 VSM
156 0 847 1 1 VSM
156 0 1036 2 1 VSM
156 0 848 3 1 VSM
156 0 930 4 1 VSM
156 0 764 5 1 VSM
156 0 844 6 1 VSM
156 0 908 7 1 VSM
156 0 1043 8 1 VSM
156 0 953 9 1 VSM
156 0 1044 10 1 VSM
157 0 640 1 1 VSM
157 0 725 2 1 VSM
157 0 909 3 1 VSM
157 0 883 4 1 VSM
157 0 51 5 1 VSM
157 0 12 6 1 VSM
157 0 497 7 1 VSM
157 0 911 8 1 VSM
157 0 720 9 1 VSM
157 0 220 10 1 VSM
158 0 75 1 1 VSM
158 0 724 2 1 VSM
158 0 726 3 1 VSM
158 0 884 4 1 VSM
158 0 883 5 1 VSM
158 0 768 6 1 VSM
158 0 720 7 1 VSM
158 0 640 8 1 VSM
158 0 1244 9 1 VSM
158 0 727 10 1 VSM
160 0 658 1 1 VSM
160 0 859 2 1 VSM
160 0 627 3 1 VSM
160 0 857 4 1 VSM
160 0 1008 5 1 VSM
160 0 856 6 1 VSM
160 0 391 7 1 VSM
160 0 864 8 1 VSM
160 0 766 9 1 VSM
160 0 31 10 1 VSM
161 0 862 1 1 VSM
161 0 642 2 1 VSM
161 0 957 3 1 VSM
161 0 915 4 1 VSM
161 0 744 5 1 VSM
161 0 888 6 1 VSM
161 0 1013 7 1 VSM
161 0 400 8 1 VSM
161 0 739 9 1 VSM
161 0 761 10 1 VSM
163 0 894 1 1 VSM
163 0 856 2 1 VSM
163 0 857 3 1 VSM
163 0 1008 4 1 VSM
163 0 766 5 1 VSM
163 0 859 6 1 VSM
163 0 627 7 1 VSM
163 0 391 8 1 VSM
163 0 658 9 1 VSM
163 0 858 10 1 VSM
164 0 641 1 1 VSM
164 0 730 2 1 VSM
164 0 733 3 1 VSM
164 0 736 4 1 VSM
164 0 955 5 1 VSM
164 0 735 6 1 VSM
164 0 422 7 1 VSM
164 0 734 8 1 VSM
164 0 1045 9 1 VSM
164 0 648 10 1 VSM
165 0 748 1 1 VSM
165 0 1272 2 1 VSM
165 0 716 3 1 VSM
165 0 801 4 1 VSM
165 0 467 5 1 VSM
165 0 638 6 1 VSM
165 0 969 7 1 VSM
165 0 1290 8 1 VSM
165 0 815 9 1 VSM
165 0 1349 10 1 VSM
167 0 895 1 1 VSM
167 0 712 2 1 VSM
167 0 1290 3 1 VSM
167 0 919 4 1 VSM
167 0 918 5 1 VSM
167 0 1289 6 1 VSM
167 0 780 7 1 VSM
167 0 783 8 1 VSM
167 0 757 9 1 VSM
167 0 917 10 1 VSM
168 0 746 1 1 VSM
168 0 875 2 1 VSM
168 0 540 3 1 VSM
168 0 549 4 1 VSM
168 0 435 5 1 VSM
168 0 13 6 1 VSM
168 0 422 7 1 VSM
168 0 102 8 1 VSM
168 0 395 9 1 VSM
168 0 527 10 1 VSM
169 0 48 1 1 VSM
169 0 225 2 1 VSM
169 0 605 3 1 VSM
169 0 1303 4 1 VSM
169 0 423 5 1 VSM
169 0 1243 6 1 VSM
169 0 1038 7 1 VSM
169 0 1106 8 1 VSM
169 0 701 9 1 VSM
169 0 522 10 1 VSM
170 0 1304 1 1 VSM
170 0 196 2 1 VSM
170 0 927 3 1 VSM
170 0 1285 4 1 VSM
170 0 925 5 1 VSM
170 0 122 6 1 VSM
170 0 1328 7 1 VSM
170 0 492 8 1 VSM
170 0 1312 9 1 VSM
170 0 688 10 1 VSM
171 0 246 1 1 VSM
171 0 923 2 1 VSM
171 0 520 3 1 VSM
171 0 1239 4 1 VSM
171 0 811 5 1 VSM
171 0 803 6 1 VSM
171 0 360 7 1 VSM
171 0 924 8 1 VSM
171 0 1074 9 1 VSM
171 0 610 10 1 VSM
173 0 789 1 1 VSM
173 0 1133 2 1 VSM
173 0 1116 3 1 VSM
173 0 1068 4 1 VSM
173 0 926 5 1 VSM
173 0 1176 6 1 VSM
173 0 1331 7 1 VSM
173 0 1145 8 1 VSM
173 0 1132 9 1 VSM
173 0 1129 10 1 VSM
175 0 769 1 1 VSM
175 0 887 2 1 VSM
175 0 1146 3 1 VSM
175 0 739 4 1 VSM
175 0 886 5 1 VSM
175 0 897 6 1 VSM
175 0 741 7 1 VSM
175 0 890 8 1 VSM
175 0 740 9 1 VSM
175 0 885 10 1 VSM
176 0 1146 1 1 VSM
176 0 769 2 1 VSM
176 0 887 3 1 VSM
176 0 888 4 1 VSM
176 0 31 5 1 VSM
176 0 1178 6 1 VSM
176 0 739 7 1 VSM
176 0 642 8 1 VSM
176 0 957 9 1 VSM
176 0 741 10 1 VSM
177 0 898 1 1 VSM
177 0 1070 2 1 VSM
177 0 931 3 1 VSM
177 0 930 4 1 VSM
177 0 935 5 1 VSM
177 0 1071 6 1 VSM
177 0 934 7 1 VSM
177 0 938 8 1 VSM
177 0 1059 9 1 VSM
177 0 1171 10 1 VSM
181 0 941 1 1 VSM
181 0 1221 2 1 VSM
181 0 34 3 1 VSM
181 0 270 4 1 VSM
181 0 1222 5 1 VSM
181 0 966 6 1 VSM
181 0 775 7 1 VSM
181 0 1360 8 1 VSM
181 0 389 9 1 VSM
181 0 537 10 1 VSM
182 0 941 1 1 VSM
182 0 898 2 1 VSM
182 0 1070 3 1 VSM
182 0 931 4 1 VSM
182 0 930 5 1 VSM
182 0 516 6 1 VSM
182 0 1222 7 1 VSM
182 0 34 8 1 VSM
182 0 934 9 1 VSM
182 0 1153 10 1 VSM
183 0 997 1 1 VSM
183 0 610 2 1 VSM
183 0 1074 3 1 VSM
183 0 993 4 1 VSM
183 0 1195 5 1 VSM
183 0 176 6 1 VSM
183 0 1062 7 1 VSM
183 0 695 8 1 VSM
183 0 1093 9 1 VSM
183 0 519 10 1 VSM
184 0 1288 1 1 VSM
184 0 1326 2 1 VSM
184 0 974 3 1 VSM
184 0 1095 4 1 VSM
184 0 397 5 1 VSM
184 0 1265 6 1 VSM
184 0 1237 7 1 VSM
184 0 773 8 1 VSM
184 0 942 9 1 VSM
184 0 125 10 1 VSM
187 0 5 1 1 VSM
187 0 6 2 1 VSM
187 0 981 3 1 VSM
187 0 158 4 1 VSM
187 0 869 5 1 VSM
187 0 395 6 1 VSM
187 0 1207 7 1 VSM
187 0 399 8 1 VSM
187 0 606 9 1 VSM
187 0 1317 10 1 VSM
189 0 945 1 1 VSM
189 0 1063 2 1 VSM
189 0 988 3 1 VSM
189 0 1219 4 1 VSM
189 0 92 5 1 VSM
189 0 1388 6 1 VSM
189 0 745 7 1 VSM
189 0 111 8 1 VSM
189 0 248 9 1 VSM
189 0 1246 10 1 VSM
190 0 988 1 1 VSM
190 0 945 2 1 VSM
190 0 989 3 1 VSM
190 0 987 4 1 VSM
190 0 637 5 1 VSM
190 0 376 6 1 VSM
190 0 4 7 1 VSM
190 0 507 8 1 VSM
190 0 341 9 1 VSM
190 0 300 10 1 VSM
196 0 766 1 1 VSM
196 0 859 2 1 VSM
196 0 948 3 1 VSM
196 0 856 4 1 VSM
196 0 391 5 1 VSM
196 0 1008 6 1 VSM
196 0 658 7 1 VSM
196 0 857 8 1 VSM
196 0 858 9 1 VSM
196 0 627 10 1 VSM
200 0 1021 1 1 VSM
200 0 1023 2 1 VSM
200 0 950 3 1 VSM
200 0 1025 4 1 VSM
200 0 1026 5 1 VSM
200 0 1022 6 1 VSM
200 0 952 7 1 VSM
200 0 1012 8 1 VSM
200 0 1024 9 1 VSM
200 0 1034 10 1 VSM
201 0 1021 1 1 VSM
201 0 1026 2 1 VSM
201 0 1013 3 1 VSM
201 0 1015 4 1 VSM
201 0 1023 5 1 VSM
201 0 1014 6 1 VSM
201 0 1028 7 1 VSM
201 0 951 8 1 VSM
201 0 1017 9 1 VSM
201 0 1012 10 1 VSM
202 0 1026 1 1 VSM
202 0 1013 2 1 VSM
202 0 1015 3 1 VSM
202 0 1023 4 1 VSM
202 0 1014 5 1 VSM
202 0 951 6 1 VSM
202 0 1021 7 1 VSM
202 0 1028 8 1 VSM
202 0 1012 9 1 VSM
202 0 1029 10 1 VSM
203 0 951 1 1 VSM
203 0 1015 2 1 VSM
203 0 1012 3 1 VSM
203 0 1028 4 1 VSM
203 0 1014 5 1 VSM
203 0 1013 6 1 VSM
203 0 1026 7 1 VSM
203 0 1023 8 1 VSM
203 0 1021 9 1 VSM
203 0 195 10 1 VSM
204 0 1026 1 1 VSM
204 0 1023 2 1 VSM
204 0 1017 3 1 VSM
204 0 1029 4 1 VSM
204 0 1015 5 1 VSM
204 0 1021 6 1 VSM
204 0 1013 7 1 VSM
204 0 1012 8 1 VSM
204 0 1030 9 1 VSM
204 0 951 10 1 VSM
205 0 951 1 1 VSM
205 0 1021 2 1 VSM
205 0 1026 3 1 VSM
205 0 1013 4 1 VSM
205 0 1015 5 1 VSM
205 0 1014 6 1 VSM
205 0 1023 7 1 VSM
205 0 1033 8 1 VSM
205 0 1028 9 1 VSM
205 0 239 10 1 VSM
206 0 952 1 1 VSM
206 0 1023 2 1 VSM
206 0 1026 3 1 VSM
206 0 1021 4 1 VSM
206 0 1015 5 1 VSM
206 0 1028 6 1 VSM
206 0 1024 7 1 VSM
206 0 1014 8 1 VSM
206 0 1034 9 1 VSM
206 0 1027 10 1 VSM
208 0 953 1 1 VSM
208 0 847 2 1 VSM
208 0 844 3 1 VSM
208 0 897 4 1 VSM
208 0 848 5 1 VSM
208 0 846 6 1 VSM
208 0 764 7 1 VSM
208 0 887 8 1 VSM
208 0 841 9 1 VSM
208 0 1068 10 1 VSM
209 0 847 1 1 VSM
209 0 953 2 1 VSM
209 0 897 3 1 VSM
209 0 844 4 1 VSM
209 0 846 5 1 VSM
209 0 848 6 1 VSM
209 0 826 7 1 VSM
209 0 887 8 1 VSM
209 0 764 9 1 VSM
209 0 1068 10 1 VSM
210 0 954 1 1 VSM
210 0 922 2 1 VSM
210 0 146 3 1 VSM
210 0 887 4 1 VSM
210 0 870 5 1 VSM
210 0 1039 6 1 VSM
210 0 1038 7 1 VSM
210 0 837 8 1 VSM
210 0 729 9 1 VSM
210 0 890 10 1 VSM
211 0 930 1 1 VSM
211 0 1043 2 1 VSM
211 0 890 3 1 VSM
211 0 889 4 1 VSM
211 0 1044 5 1 VSM
211 0 887 6 1 VSM
211 0 953 7 1 VSM
211 0 826 8 1 VSM
211 0 885 9 1 VSM
211 0 843 10 1 VSM
212 0 954 1 1 VSM
212 0 827 2 1 VSM
212 0 1136 3 1 VSM
212 0 887 4 1 VSM
212 0 922 5 1 VSM
212 0 1134 6 1 VSM
212 0 885 7 1 VSM
212 0 1125 8 1 VSM
212 0 741 9 1 VSM
212 0 1009 10 1 VSM
213 0 930 1 1 VSM
213 0 1043 2 1 VSM
213 0 890 3 1 VSM
213 0 1129 4 1 VSM
213 0 1044 5 1 VSM
213 0 889 6 1 VSM
213 0 826 7 1 VSM
213 0 953 8 1 VSM
213 0 1071 9 1 VSM
213 0 887 10 1 VSM
214 0 1045 1 1 VSM
214 0 763 2 1 VSM
214 0 839 3 1 VSM
214 0 955 4 1 VSM
214 0 1046 5 1 VSM
214 0 1340 6 1 VSM
214 0 1176 7 1 VSM
214 0 838 8 1 VSM
214 0 1178 9 1 VSM
214 0 841 10 1 VSM
215 0 1045 1 1 VSM
215 0 839 2 1 VSM
215 0 1046 3 1 VSM
215 0 1176 4 1 VSM
215 0 763 5 1 VSM
215 0 838 6 1 VSM
215 0 1051 7 1 VSM
215 0 1121 8 1 VSM
215 0 928 9 1 VSM
215 0 841 10 1 VSM
216 0 955 1 1 VSM
216 0 1045 2 1 VSM
216 0 840 3 1 VSM
216 0 641 4 1 VSM
216 0 854 5 1 VSM
216 0 730 6 1 VSM
216 0 1176 7 1 VSM
216 0 839 8 1 VSM
216 0 763 9 1 VSM
216 0 1046 10 1 VSM
217 0 956 1 1 VSM
217 0 1049 2 1 VSM
217 0 1050 3 1 VSM
217 0 1128 4 1 VSM
217 0 1358 5 1 VSM
217 0 1069 6 1 VSM
217 0 1171 7 1 VSM
217 0 1048 8 1 VSM
217 0 1172 9 1 VSM
217 0 720 10 1 VSM
218 0 1048 1 1 VSM
218 0 1050 2 1 VSM
218 0 761 3 1 VSM
218 0 956 4 1 VSM
218 0 720 5 1 VSM
218 0 888 6 1 VSM
218 0 1126 7 1 VSM
218 0 1049 8 1 VSM
218 0 642 9 1 VSM
218 0 928 10 1 VSM
219 0 930 1 1 VSM
219 0 1070 2 1 VSM
219 0 1058 3 1 VSM
219 0 931 4 1 VSM
219 0 926 5 1 VSM
219 0 898 6 1 VSM
219 0 1068 7 1 VSM
219 0 1361 8 1 VSM
219 0 935 9 1 VSM
219 0 1044 10 1 VSM
223 0 1062 1 1 VSM
223 0 1074 2 1 VSM
223 0 610 3 1 VSM
223 0 1075 4 1 VSM
223 0 672 5 1 VSM
223 0 799 6 1 VSM
223 0 687 7 1 VSM
223 0 429 8 1 VSM
223 0 252 9 1 VSM
223 0 431 10 1 VSM
224 0 433 1 1 VSM
224 0 678 2 1 VSM
224 0 247 3 1 VSM
224 0 1246 4 1 VSM
224 0 676 5 1 VSM
224 0 1062 6 1 VSM
224 0 52 7 1 VSM
224 0 924 8 1 VSM
224 0 671 9 1 VSM
224 0 677 10 1 VSM
225 0 678 1 1 VSM
225 0 671 2 1 VSM
225 0 696 3 1 VSM
225 0 247 4 1 VSM
225 0 632 5 1 VSM
225 0 250 6 1 VSM
225 0 52 7 1 VSM
225 0 147 8 1 VSM
225 0 924 9 1 VSM
225 0 698 10 1 VSM
226 0 1088 1 1 VSM
226 0 1063 2 1 VSM
226 0 349 3 1 VSM
226 0 111 4 1 VSM
226 0 551 5 1 VSM
226 0 266 6 1 VSM
226 0 703 7 1 VSM
226 0 281 8 1 VSM
226 0 1222 9 1 VSM
226 0 1389 10 1 VSM
227 0 1088 1 1 VSM
227 0 832 2 1 VSM
227 0 1087 3 1 VSM
227 0 1262 4 1 VSM
227 0 1054 5 1 VSM
227 0 1085 6 1 VSM
227 0 1063 7 1 VSM
227 0 111 8 1 VSM
227 0 1108 9 1 VSM
227 0 1086 10 1 VSM
230 0 1099 1 1 VSM
230 0 553 2 1 VSM
230 0 1100 3 1 VSM
230 0 1101 4 1 VSM
230 0 1097 5 1 VSM
230 0 1065 6 1 VSM
230 0 1241 7 1 VSM
230 0 1096 8 1 VSM
230 0 1098 9 1 VSM
230 0 76 10 1 VSM
231 0 553 1 1 VSM
231 0 1097 2 1 VSM
231 0 1096 3 1 VSM
231 0 1099 4 1 VSM
231 0 1100 5 1 VSM
231 0 1098 6 1 VSM
231 0 1065 7 1 VSM
231 0 761 8 1 VSM
231 0 1117 9 1 VSM
231 0 1241 10 1 VSM
232 0 160 1 1 VSM
232 0 498 2 1 VSM
232 0 122 3 1 VSM
232 0 318 4 1 VSM
232 0 1391 5 1 VSM
232 0 1239 6 1 VSM
232 0 25 7 1 VSM
232 0 369 8 1 VSM
232 0 231 9 1 VSM
232 0 556 10 1 VSM
233 0 302 1 1 VSM
233 0 949 2 1 VSM
233 0 405 3 1 VSM
233 0 1199 4 1 VSM
233 0 1336 5 1 VSM
233 0 355 6 1 VSM
233 0 691 7 1 VSM
233 0 524 8 1 VSM
233 0 1335 9 1 VSM
233 0 616 10 1 VSM
234 0 1066 1 1 VSM
234 0 1197 2 1 VSM
234 0 1112 3 1 VSM
234 0 1259 4 1 VSM
234 0 1321 5 1 VSM
234 0 958 6 1 VSM
234 0 1287 7 1 VSM
234 0 1115 8 1 VSM
234 0 849 9 1 VSM
234 0 494 10 1 VSM
241 0 1071 1 1 VSM
241 0 890 2 1 VSM
241 0 887 3 1 VSM
241 0 885 4 1 VSM
241 0 769 5 1 VSM
241 0 741 6 1 VSM
241 0 739 7 1 VSM
241 0 1052 8 1 VSM
241 0 763 9 1 VSM
241 0 897 10 1 VSM
245 0 1386 1 1 VSM
245 0 1192 2 1 VSM
245 0 54 3 1 VSM
245 0 55 4 1 VSM
245 0 460 5 1 VSM
245 0 1185 6 1 VSM
245 0 461 7 1 VSM
245 0 145 8 1 VSM
245 0 1366 9 1 VSM
245 0 240 10 1 VSM
246 0 55 1 1 VSM
246 0 460 2 1 VSM
246 0 959 3 1 VSM
246 0 240 4 1 VSM
246 0 145 5 1 VSM
246 0 559 6 1 VSM
246 0 1383 7 1 VSM
246 0 1366 8 1 VSM
246 0 376 9 1 VSM
246 0 54 10 1 VSM
247 0 492 1 1 VSM
247 0 57 2 1 VSM
247 0 56 3 1 VSM
247 0 232 4 1 VSM
247 0 1231 5 1 VSM
247 0 373 6 1 VSM
247 0 434 7 1 VSM
247 0 354 8 1 VSM
247 0 37 9 1 VSM
247 0 1307 10 1 VSM
250 0 311 1 1 VSM
250 0 316 2 1 VSM
250 0 996 3 1 VSM
250 0 240 4 1 VSM
250 0 187 5 1 VSM
250 0 53 6 1 VSM
250 0 959 7 1 VSM
250 0 503 8 1 VSM
250 0 358 9 1 VSM
250 0 1385 10 1 VSM
251 0 504 1 1 VSM
251 0 335 2 1 VSM
251 0 978 3 1 VSM
251 0 72 4 1 VSM
251 0 569 5 1 VSM
251 0 71 6 1 VSM
251 0 256 7 1 VSM
251 0 376 8 1 VSM
251 0 1076 9 1 VSM
251 0 209 10 1 VSM
252 0 504 1 1 VSM
252 0 256 2 1 VSM
252 0 569 3 1 VSM
252 0 55 4 1 VSM
252 0 72 5 1 VSM
252 0 335 6 1 VSM
252 0 271 7 1 VSM
252 0 334 8 1 VSM
252 0 1302 9 1 VSM
252 0 376 10 1 VSM
253 0 553 1 1 VSM
253 0 1279 2 1 VSM
253 0 1099 3 1 VSM
253 0 1097 4 1 VSM
253 0 1100 5 1 VSM
253 0 1096 6 1 VSM
253 0 1241 7 1 VSM
253 0 1098 8 1 VSM
253 0 1065 9 1 VSM
253 0 1101 10 1 VSM
254 0 750 1 1 VSM
254 0 217 2 1 VSM
254 0 965 3 1 VSM
254 0 118 4 1 VSM
254 0 136 5 1 VSM
254 0 1187 6 1 VSM
254 0 341 7 1 VSM
254 0 127 8 1 VSM
254 0 221 9 1 VSM
254 0 301 10 1 VSM
255 0 750 1 1 VSM
255 0 217 2 1 VSM
255 0 118 3 1 VSM
255 0 965 4 1 VSM
255 0 136 5 1 VSM
255 0 127 6 1 VSM
255 0 341 7 1 VSM
255 0 1187 8 1 VSM
255 0 774 9 1 VSM
255 0 301 10 1 VSM
257 0 238 1 1 VSM
257 0 239 2 1 VSM
257 0 893 3 1 VSM
257 0 139 4 1 VSM
257 0 1082 5 1 VSM
257 0 223 6 1 VSM
257 0 10 7 1 VSM
257 0 670 8 1 VSM
257 0 175 9 1 VSM
257 0 1033 10 1 VSM
259 0 431 1 1 VSM
259 0 594 2 1 VSM
259 0 516 3 1 VSM
259 0 1155 4 1 VSM
259 0 598 5 1 VSM
259 0 904 6 1 VSM
259 0 808 7 1 VSM
259 0 755 8 1 VSM
259 0 141 9 1 VSM
259 0 184 10 1 VSM
261 0 527 1 1 VSM
261 0 320 2 1 VSM
261 0 322 3 1 VSM
261 0 321 4 1 VSM
261 0 476 5 1 VSM
261 0 1370 6 1 VSM
261 0 478 7 1 VSM
261 0 107 8 1 VSM
261 0 981 9 1 VSM
261 0 1235 10 1 VSM
264 0 532 1 1 VSM
264 0 367 2 1 VSM
264 0 451 3 1 VSM
264 0 917 4 1 VSM
264 0 1073 5 1 VSM
264 0 931 6 1 VSM
264 0 470 7 1 VSM
264 0 1086 8 1 VSM
264 0 91 9 1 VSM
264 0 1262 10 1 VSM
265 0 483 1 1 VSM
265 0 411 2 1 VSM
265 0 1319 3 1 VSM
265 0 1157 4 1 VSM
265 0 1274 5 1 VSM
265 0 1390 6 1 VSM
265 0 501 7 1 VSM
265 0 482 8 1 VSM
265 0 1151 9 1 VSM
265 0 523 10 1 VSM
266 0 941 1 1 VSM
266 0 1221 2 1 VSM
266 0 34 3 1 VSM
266 0 238 4 1 VSM
266 0 270 5 1 VSM
266 0 1222 6 1 VSM
266 0 668 7 1 VSM
266 0 666 8 1 VSM
266 0 670 9 1 VSM
266 0 139 10 1 VSM
267 0 542 1 1 VSM
267 0 963 2 1 VSM
267 0 5 3 1 VSM
267 0 869 4 1 VSM
267 0 1248 5 1 VSM
267 0 606 6 1 VSM
267 0 160 7 1 VSM
267 0 586 8 1 VSM
267 0 153 9 1 VSM
267 0 395 10 1 VSM
268 0 589 1 1 VSM
268 0 588 2 1 VSM
268 0 590 3 1 VSM
268 0 543 4 1 VSM
268 0 576 5 1 VSM
268 0 592 6 1 VSM
268 0 216 7 1 VSM
268 0 591 8 1 VSM
268 0 138 9 1 VSM
268 0 772 10 1 VSM
269 0 591 1 1 VSM
269 0 216 2 1 VSM
269 0 592 3 1 VSM
269 0 589 4 1 VSM
269 0 543 5 1 VSM
269 0 138 6 1 VSM
269 0 1153 7 1 VSM
269 0 590 8 1 VSM
269 0 237 9 1 VSM
269 0 214 10 1 VSM
272 0 227 1 1 VSM
272 0 224 2 1 VSM
272 0 680 3 1 VSM
272 0 278 4 1 VSM
272 0 1330 5 1 VSM
272 0 701 6 1 VSM
272 0 702 7 1 VSM
272 0 705 8 1 VSM
272 0 445 9 1 VSM
272 0 699 10 1 VSM
273 0 548 1 1 VSM
273 0 622 2 1 VSM
273 0 616 3 1 VSM
273 0 314 4 1 VSM
273 0 1103 5 1 VSM
273 0 218 6 1 VSM
273 0 613 7 1 VSM
273 0 806 8 1 VSM
273 0 807 9 1 VSM
273 0 882 10 1 VSM
274 0 997 1 1 VSM
274 0 610 2 1 VSM
274 0 1062 3 1 VSM
274 0 1074 4 1 VSM
274 0 993 5 1 VSM
274 0 1195 6 1 VSM
274 0 176 7 1 VSM
274 0 695 8 1 VSM
274 0 1093 9 1 VSM
274 0 1075 10 1 VSM
275 0 634 1 1 VSM
275 0 685 2 1 VSM
275 0 593 3 1 VSM
275 0 70 4 1 VSM
275 0 1338 5 1 VSM
275 0 686 6 1 VSM
275 0 39 7 1 VSM
275 0 753 8 1 VSM
275 0 878 9 1 VSM
275 0 503 10 1 VSM
277 0 1243 1 1 VSM
277 0 804 2 1 VSM
277 0 1247 3 1 VSM
277 0 808 4 1 VSM
277 0 810 5 1 VSM
277 0 811 6 1 VSM
277 0 88 7 1 VSM
277 0 409 8 1 VSM
277 0 268 9 1 VSM
277 0 1045 10 1 VSM
283 0 813 1 1 VSM
283 0 153 2 1 VSM
283 0 639 3 1 VSM
283 0 1333 4 1 VSM
283 0 32 5 1 VSM
283 0 716 6 1 VSM
283 0 309 7 1 VSM
283 0 408 8 1 VSM
283 0 715 9 1 VSM
283 0 430 10 1 VSM
284 0 856 1 1 VSM
284 0 857 2 1 VSM
284 0 766 3 1 VSM
284 0 1008 4 1 VSM
284 0 859 5 1 VSM
284 0 391 6 1 VSM
284 0 658 7 1 VSM
284 0 858 8 1 VSM
284 0 864 9 1 VSM
284 0 627 10 1 VSM
285 0 610 1 1 VSM
285 0 1062 2 1 VSM
285 0 1074 3 1 VSM
285 0 672 4 1 VSM
285 0 252 5 1 VSM
285 0 799 6 1 VSM
285 0 1075 7 1 VSM
285 0 775 8 1 VSM
285 0 520 9 1 VSM
285 0 160 10 1 VSM
288 0 763 1 1 VSM
288 0 1071 2 1 VSM
288 0 838 3 1 VSM
288 0 841 4 1 VSM
288 0 839 5 1 VSM
288 0 1052 6 1 VSM
288 0 739 7 1 VSM
288 0 1068 8 1 VSM
288 0 1126 9 1 VSM
288 0 887 10 1 VSM
291 0 725 1 1 VSM
291 0 909 2 1 VSM
291 0 722 3 1 VSM
291 0 640 4 1 VSM
291 0 720 5 1 VSM
291 0 911 6 1 VSM
291 0 1279 7 1 VSM
291 0 1331 8 1 VSM
291 0 209 9 1 VSM
291 0 781 10 1 VSM
292 0 767 1 1 VSM
292 0 768 2 1 VSM
292 0 726 3 1 VSM
292 0 883 4 1 VSM
292 0 640 5 1 VSM
292 0 884 6 1 VSM
292 0 1146 7 1 VSM
292 0 881 8 1 VSM
292 0 870 9 1 VSM
292 0 75 10 1 VSM
293 0 856 1 1 VSM
293 0 627 2 1 VSM
293 0 1008 3 1 VSM
293 0 391 4 1 VSM
293 0 857 5 1 VSM
293 0 766 6 1 VSM
293 0 859 7 1 VSM
293 0 15 8 1 VSM
293 0 658 9 1 VSM
293 0 1339 10 1 VSM
294 0 856 1 1 VSM
294 0 857 2 1 VSM
294 0 1008 3 1 VSM
294 0 766 4 1 VSM
294 0 859 5 1 VSM
294 0 391 6 1 VSM
294 0 658 7 1 VSM
294 0 627 8 1 VSM
294 0 858 9 1 VSM
294 0 864 10 1 VSM
295 0 641 1 1 VSM
295 0 734 2 1 VSM
295 0 735 3 1 VSM
295 0 925 4 1 VSM
295 0 733 5 1 VSM
295 0 1175 6 1 VSM
295 0 647 7 1 VSM
295 0 1170 8 1 VSM
295 0 875 9 1 VSM
295 0 1202 10 1 VSM
296 0 730 1 1 VSM
296 0 641 2 1 VSM
296 0 733 3 1 VSM
296 0 735 4 1 VSM
296 0 400 5 1 VSM
296 0 648 6 1 VSM
296 0 422 7 1 VSM
296 0 736 8 1 VSM
296 0 425 9 1 VSM
296 0 734 10 1 VSM
297 0 642 1 1 VSM
297 0 888 2 1 VSM
297 0 932 3 1 VSM
297 0 744 4 1 VSM
297 0 1126 5 1 VSM
297 0 957 6 1 VSM
297 0 1178 7 1 VSM
297 0 741 8 1 VSM
297 0 1177 9 1 VSM
297 0 769 10 1 VSM
298 0 642 1 1 VSM
298 0 932 2 1 VSM
298 0 888 3 1 VSM
298 0 1126 4 1 VSM
298 0 1045 5 1 VSM
298 0 1176 6 1 VSM
298 0 1293 7 1 VSM
298 0 741 8 1 VSM
298 0 831 9 1 VSM
298 0 769 10 1 VSM
299 0 746 1 1 VSM
299 0 875 2 1 VSM
299 0 540 3 1 VSM
299 0 435 4 1 VSM
299 0 13 5 1 VSM
299 0 1237 6 1 VSM
299 0 395 7 1 VSM
299 0 629 8 1 VSM
299 0 23 9 1 VSM
299 0 1281 10 1 VSM
300 0 884 1 1 VSM
300 0 881 2 1 VSM
300 0 768 3 1 VSM
300 0 726 4 1 VSM
300 0 1168 5 1 VSM
300 0 883 6 1 VSM
300 0 723 7 1 VSM
300 0 909 8 1 VSM
300 0 767 9 1 VSM
300 0 640 10 1 VSM
301 0 739 1 1 VSM
301 0 889 2 1 VSM
301 0 886 3 1 VSM
301 0 897 4 1 VSM
301 0 740 5 1 VSM
301 0 887 6 1 VSM
301 0 1068 7 1 VSM
301 0 743 8 1 VSM
301 0 890 9 1 VSM
301 0 1126 10 1 VSM
303 0 930 1 1 VSM
303 0 1070 2 1 VSM
303 0 931 3 1 VSM
303 0 1058 4 1 VSM
303 0 898 5 1 VSM
303 0 935 6 1 VSM
303 0 1044 7 1 VSM
303 0 1361 8 1 VSM
303 0 1059 9 1 VSM
303 0 830 10 1 VSM
304 0 1071 1 1 VSM
304 0 1134 2 1 VSM
304 0 1138 3 1 VSM
304 0 889 4 1 VSM
304 0 890 5 1 VSM
304 0 1043 6 1 VSM
304 0 264 7 1 VSM
304 0 1137 8 1 VSM
304 0 1044 9 1 VSM
304 0 930 10 1 VSM
306 0 625 1 1 VSM
306 0 410 2 1 VSM
306 0 1295 3 1 VSM
306 0 541 4 1 VSM
306 0 1245 5 1 VSM
306 0 1364 6 1 VSM
306 0 24 7 1 VSM
306 0 578 8 1 VSM
306 0 329 9 1 VSM
306 0 1189 10 1 VSM
314 0 1285 1 1 VSM
314 0 605 2 1 VSM
314 0 1303 3 1 VSM
314 0 1310 4 1 VSM
314 0 1378 5 1 VSM
314 0 232 6 1 VSM
314 0 19 7 1 VSM
314 0 423 8 1 VSM
314 0 1231 9 1 VSM
314 0 225 10 1 VSM
315 0 38 1 1 VSM
315 0 1285 2 1 VSM
315 0 423 3 1 VSM
315 0 58 4 1 VSM
315 0 1303 5 1 VSM
315 0 225 6 1 VSM
315 0 48 7 1 VSM
315 0 1308 8 1 VSM
315 0 63 9 1 VSM
315 0 1378 10 1 VSM
316 0 147 1 1 VSM
316 0 1311 2 1 VSM
316 0 310 3 1 VSM
316 0 305 4 1 VSM
316 0 971 5 1 VSM
316 0 1080 6 1 VSM
316 0 573 7 1 VSM
316 0 1076 8 1 VSM
316 0 443 9 1 VSM
316 0 370 10 1 VSM
317 0 1321 1 1 VSM
317 0 1287 2 1 VSM
317 0 55 3 1 VSM
317 0 1322 4 1 VSM
317 0 133 5 1 VSM
317 0 73 6 1 VSM
317 0 1197 7 1 VSM
317 0 406 8 1 VSM
317 0 337 9 1 VSM
317 0 78 10 1 VSM
321 0 1290 1 1 VSM
321 0 879 2 1 VSM
321 0 1338 3 1 VSM
321 0 468 4 1 VSM
321 0 526 5 1 VSM
321 0 503 6 1 VSM
321 0 801 7 1 VSM
321 0 876 8 1 VSM
321 0 469 9 1 VSM
321 0 252 10 1 VSM
323 0 458 1 1 VSM
323 0 365 2 1 VSM
323 0 1185 3 1 VSM
323 0 439 4 1 VSM
323 0 1154 5 1 VSM
323 0 525 6 1 VSM
323 0 84 7 1 VSM
323 0 1188 8 1 VSM
323 0 123 9 1 VSM
323 0 1241 10 1 VSM
327 0 1291 1 1 VSM
327 0 1344 2 1 VSM
327 0 566 3 1 VSM
327 0 1124 4 1 VSM
327 0 1256 5 1 VSM
327 0 279 6 1 VSM
327 0 357 7 1 VSM
327 0 1204 8 1 VSM
327 0 1380 9 1 VSM
327 0 1345 10 1 VSM
331 0 959 1 1 VSM
331 0 1228 2 1 VSM
331 0 358 3 1 VSM
331 0 798 4 1 VSM
331 0 996 5 1 VSM
331 0 1383 6 1 VSM
331 0 240 7 1 VSM
331 0 1281 8 1 VSM
331 0 461 9 1 VSM
331 0 55 10 1 VSM
332 0 1172 1 1 VSM
332 0 1171 2 1 VSM
332 0 1145 3 1 VSM
332 0 1126 4 1 VSM
332 0 1068 5 1 VSM
332 0 887 6 1 VSM
332 0 739 7 1 VSM
332 0 743 8 1 VSM
332 0 956 9 1 VSM
332 0 897 10 1 VSM
333 0 739 1 1 VSM
333 0 897 2 1 VSM
333 0 740 3 1 VSM
333 0 743 4 1 VSM
333 0 887 5 1 VSM
333 0 886 6 1 VSM
333 0 1068 7 1 VSM
333 0 890 8 1 VSM
333 0 741 9 1 VSM
333 0 935 10 1 VSM
335 0 1178 1 1 VSM
335 0 1146 2 1 VSM
335 0 642 3 1 VSM
335 0 888 4 1 VSM
335 0 1177 5 1 VSM
335 0 885 6 1 VSM
335 0 31 7 1 VSM
335 0 1045 8 1 VSM
335 0 870 9 1 VSM
335 0 823 10 1 VSM
336 0 888 1 1 VSM
336 0 885 2 1 VSM
336 0 1146 3 1 VSM
336 0 769 4 1 VSM
336 0 741 5 1 VSM
336 0 1178 6 1 VSM
336 0 642 7 1 VSM
336 0 1116 8 1 VSM
336 0 1173 9 1 VSM
336 0 887 10 1 VSM
338 0 1294 1 1 VSM
338 0 828 2 1 VSM
338 0 1362 3 1 VSM
338 0 831 4 1 VSM
338 0 930 5 1 VSM
338 0 1043 6 1 VSM
338 0 1044 7 1 VSM
338 0 1042 8 1 VSM
338 0 1036 9 1 VSM
338 0 47 10 1 VSM
339 0 535 1 1 VSM
339 0 1234 2 1 VSM
339 0 1253 3 1 VSM
339 0 68 4 1 VSM
339 0 25 5 1 VSM
339 0 357 6 1 VSM
339 0 332 7 1 VSM
339 0 1377 8 1 VSM
339 0 770 9 1 VSM
339 0 1204 10 1 VSM
340 0 175 1 1 VSM
340 0 764 2 1 VSM
340 0 958 3 1 VSM
340 0 971 4 1 VSM
340 0 407 5 1 VSM
340 0 117 6 1 VSM
340 0 1220 7 1 VSM
340 0 64 8 1 VSM
340 0 1225 9 1 VSM
340 0 367 10 1 VSM
347 0 559 1 1 VSM
347 0 666 2 1 VSM
347 0 655 3 1 VSM
347 0 1319 4 1 VSM
347 0 1274 5 1 VSM
347 0 554 6 1 VSM
347 0 323 7 1 VSM
347 0 324 8 1 VSM
347 0 629 9 1 VSM
347 0 1395 10 1 VSM
348 0 559 1 1 VSM
348 0 666 2 1 VSM
348 0 655 3 1 VSM
348 0 323 4 1 VSM
348 0 554 5 1 VSM
348 0 398 6 1 VSM
348 0 629 7 1 VSM
348 0 324 8 1 VSM
348 0 283 9 1 VSM
348 0 295 10 1 VSM
349 0 1222 1 1 VSM
349 0 668 2 1 VSM
349 0 1078 3 1 VSM
349 0 1191 4 1 VSM
349 0 53 5 1 VSM
349 0 992 6 1 VSM
349 0 530 7 1 VSM
349 0 775 8 1 VSM
349 0 1221 9 1 VSM
349 0 197 10 1 VSM
352 0 4 1 1 VSM
352 0 382 2 1 VSM
352 0 292 3 1 VSM
352 0 629 4 1 VSM
352 0 376 5 1 VSM
352 0 738 6 1 VSM
352 0 458 7 1 VSM
352 0 23 8 1 VSM
352 0 336 9 1 VSM
352 0 325 10 1 VSM
353 0 1366 1 1 VSM
353 0 1386 2 1 VSM
353 0 1225 3 1 VSM
353 0 435 4 1 VSM
353 0 55 5 1 VSM
353 0 292 6 1 VSM
353 0 62 7 1 VSM
353 0 4 8 1 VSM
353 0 54 9 1 VSM
353 0 754 10 1 VSM
355 0 1400 1 1 VSM
355 0 1399 2 1 VSM
355 0 1398 3 1 VSM
355 0 419 4 1 VSM
355 0 1130 5 1 VSM
355 0 1396 6 1 VSM
355 0 1358 7 1 VSM
355 0 1357 8 1 VSM
355 0 400 9 1 VSM
355 0 1397 10 1 VSM
356 0 400 1 1 VSM
356 0 1399 2 1 VSM
356 0 1398 3 1 VSM
356 0 393 4 1 VSM
356 0 3 5 1 VSM
356 0 1400 6 1 VSM
356 0 664 7 1 VSM
356 0 4 8 1 VSM
356 0 418 9 1 VSM
356 0 388 10 1 VSM
360 0 236 1 1 VSM
360 0 1312 2 1 VSM
360 0 1286 3 1 VSM
360 0 1298 4 1 VSM
360 0 1314 5 1 VSM
360 0 1315 6 1 VSM
360 0 656 7 1 VSM
360 0 175 8 1 VSM
360 0 1157 9 1 VSM
360 0 396 10 1 VSM
365 0 1188 1 1 VSM
365 0 368 2 1 VSM
365 0 748 3 1 VSM
365 0 1349 4 1 VSM
365 0 969 5 1 VSM
365 0 1380 6 1 VSM
365 0 638 7 1 VSM
365 0 9 8 1 VSM
365 0 451 9 1 VSM
365 0 1341 10 1 VSM
